0 0 -inf	MEDIAN 0 -10.838098
1 1.51074e-11 -inf	MEDIAN 1 -10.838098
2 1.45107e-11 -inf	MEDIAN 2 -10.838098
3 1.49117e-11 -inf	MEDIAN 3 -10.838098
4 1.40692e-11 -inf	MEDIAN 4 -10.838098
5 1.53463e-11 -inf	MEDIAN 5 -10.838098
6 1.43851e-11 -inf	MEDIAN 6 -10.838098
7 4.93081e-11 -inf	MEDIAN 7 -10.838098
8 1.45817e-11 -inf	MEDIAN 8 -10.838098
9 1.48808e-11 -inf	MEDIAN 9 -10.838098
10 1.44066e-11 -inf	MEDIAN 10 -10.838098
11 1.38693e-11 -inf	MEDIAN 11 -10.838098
12 1.48042e-11 -inf	MEDIAN 12 -10.838098
13 1.47805e-11 -inf	MEDIAN 13 -10.836823
14 1.46736e-11 -inf	MEDIAN 14 -10.837460
15 1.41148e-11 -inf	MEDIAN 15 -10.837460
16 1.37004e-11 -inf	MEDIAN 16 -10.841921
17 1.45969e-11 -inf	MEDIAN 17 -10.841921
18 1.42343e-11 -inf	MEDIAN 18 -10.841921
19 2.43029e-11 -inf	MEDIAN 19 -10.841921
20 1.36744e-11 -inf	MEDIAN 20 -10.842558
21 1.48563e-11 -inf	MEDIAN 21 -10.845106
22 1.44204e-11 -inf	MEDIAN 22 -10.844469
23 1.44148e-11 -inf	MEDIAN 23 -10.844469
24 1.43134e-11 -inf	MEDIAN 24 -10.844469
25 1.48969e-11 -inf	MEDIAN 25 -10.845106
26 4.57074e-11 -inf	MEDIAN 26 -10.844469
27 1.40911e-11 -inf	MEDIAN 27 -10.844469
28 1.41008e-11 -inf	MEDIAN 28 -10.844469
29 1.3986e-11 -inf	MEDIAN 29 -10.841921
30 1.41428e-11 -inf	MEDIAN 30 -10.841921
31 1.41992e-11 -inf	MEDIAN 31 -10.841921
32 1.51273e-11 -inf	MEDIAN 32 -10.845106
33 1.36751e-11 -inf	MEDIAN 33 -10.845106
34 1.40138e-11 -inf	MEDIAN 34 -10.845106
35 1.45075e-11 -inf	MEDIAN 35 -10.848930
36 1.45971e-11 -inf	MEDIAN 36 -10.850204
37 1.45828e-11 -inf	MEDIAN 37 -10.850204
38 1.41298e-11 -inf	MEDIAN 38 -10.850204
39 1.45618e-11 -inf	MEDIAN 39 -10.850204
40 1.41509e-11 -inf	MEDIAN 40 -10.849567
41 1.43166e-11 -inf	MEDIAN 41 -10.849567
42 1.45075e-11 -inf	MEDIAN 42 -10.850204
43 1.4013e-11 -inf	MEDIAN 43 -10.850204
44 1.36418e-11 -inf	MEDIAN 44 -10.850204
45 1.35482e-11 -inf	MEDIAN 45 -10.850204
46 1.5729e-11 -inf	MEDIAN 46 -10.850204
47 1.41565e-11 -inf	MEDIAN 47 -10.850204
48 1.41072e-11 -inf	MEDIAN 48 -10.850842
49 1.3412e-11 -inf	MEDIAN 49 -10.850842
50 1.43743e-11 -inf	MEDIAN 50 -10.850842
51 1.37148e-11 -inf	MEDIAN 51 -10.851479
52 1.36768e-11 -inf	MEDIAN 52 -10.852754
53 1.92598e-11 -inf	MEDIAN 53 -10.852754
54 1.40025e-11 -inf	MEDIAN 54 -10.852754
55 1.40751e-11 -inf	MEDIAN 55 -10.852754
56 1.43961e-11 -inf	MEDIAN 56 -10.852116
57 1.40691e-11 -inf	MEDIAN 57 -10.852754
58 1.37027e-11 -inf	MEDIAN 58 -10.852754
59 1.43644e-11 -inf	MEDIAN 59 -10.854028
60 1.37253e-11 -inf	MEDIAN 60 -10.853391
61 1.37588e-11 -inf	MEDIAN 61 -10.853391
62 1.42293e-11 -inf	MEDIAN 62 -10.852754
63 1.44827e-11 -inf	MEDIAN 63 -10.852754
64 1.37399e-11 -inf	MEDIAN 64 -10.852754
65 1.40228e-11 -inf	MEDIAN 65 -10.852116
66 1.38348e-11 -inf	MEDIAN 66 -10.852116
67 1.44031e-11 -inf	MEDIAN 67 -10.852116
68 1.39881e-11 -inf	MEDIAN 68 -10.852116
69 1.45798e-11 -inf	MEDIAN 69 -10.851479
70 1.36674e-11 -inf	MEDIAN 70 -10.851479
71 1.39256e-11 -inf	MEDIAN 71 -10.848930
72 1.37055e-11 -inf	MEDIAN 72 -10.848292
73 1.40771e-11 -inf	MEDIAN 73 -10.848292
74 1.4086e-11 -inf	MEDIAN 74 -10.848292
75 1.41996e-11 -inf	MEDIAN 75 -10.841921
76 1.41818e-11 -inf	MEDIAN 76 -10.836823
77 1.48557e-11 -inf	MEDIAN 77 -10.828539
78 1.70992e-11 -inf	MEDIAN 78 -10.820892
79 2.4884e-11 -inf	MEDIAN 79 -10.767365
80 1.05636e-10 -inf	MEDIAN 80 -10.604238
81 2.02808e-10 -inf	MEDIAN 81 -9.976577
82 8.28402e-10 -inf	MEDIAN 82 -9.693014
83 7.42358e-10 -inf	MEDIAN 83 -9.129712
84 1.62369e-09 -inf	MEDIAN 84 -9.081921
85 3.40685e-09 -inf	MEDIAN 85 -8.790073
86 7.24664e-09 -inf	MEDIAN 86 -8.468278
87 1.21401e-08 -inf	MEDIAN 87 -8.140110
88 1.83747e-08 -inf	MEDIAN 88 -7.915809
89 7.21366e-06 -inf	MEDIAN 89 -7.736113
90 2.09751e-08 -inf	MEDIAN 90 -7.678763
91 2.27277e-08 -inf	MEDIAN 91 -7.668568
92 7.79703e-07 -inf	MEDIAN 92 -7.659009
93 2.14646e-08 -inf	MEDIAN 93 -7.643716
94 2.19503e-08 -inf	MEDIAN 94 -7.620776
95 2.39596e-08 -inf	MEDIAN 95 -7.620139
96 2.53453e-08 -inf	MEDIAN 96 -7.612493
97 2.40138e-08 -inf	MEDIAN 97 -7.596561
98 3.67288e-07 -inf	MEDIAN 98 -7.586366
99 6.0785e-08 -inf	MEDIAN 99 -7.574259
100 2.92031e-08 -inf	MEDIAN 100 -7.574259
101 2.44149e-08 -inf	MEDIAN 101 -7.572348
102 2.593e-08 -inf	MEDIAN 102 -7.571073
103 2.68035e-08 -inf	MEDIAN 103 -7.571073
104 2.66726e-08 -inf	MEDIAN 104 -7.565338
105 2.79516e-08 -inf	MEDIAN 105 -7.562152
106 2.68539e-08 -inf	MEDIAN 106 -7.562152
107 3.84859e-07 -inf	MEDIAN 107 -7.557692
108 1.57908e-07 -inf	MEDIAN 108 -7.553868
109 8.31772e-07 -inf	MEDIAN 109 -7.553868
110 3.36817e-08 -inf	MEDIAN 110 -7.553868
111 2.72249e-08 -inf	MEDIAN 111 -7.553868
112 2.76957e-08 -inf	MEDIAN 112 -7.551319
113 2.81617e-08 -inf	MEDIAN 113 -7.550682
114 2.74185e-08 -inf	MEDIAN 114 -7.544310
115 4.02076e-08 -inf	MEDIAN 115 -7.539212
116 2.12787e-05 -inf	MEDIAN 116 -7.536663
117 3.60377e-08 -inf	MEDIAN 117 -7.520733
118 4.42433e-08 -inf	MEDIAN 118 -7.520733
119 2.73683e-08 -inf	MEDIAN 119 -7.520733
120 2.89292e-08 -inf	MEDIAN 120 -7.520733
121 3.11546e-08 -inf	MEDIAN 121 -7.520733
122 2.90709e-08 -inf	MEDIAN 122 -7.514360
123 2.81304e-08 -inf	MEDIAN 123 -7.507351
124 2.85821e-08 -inf	MEDIAN 124 -7.506714
125 4.02182e-07 -inf	MEDIAN 125 -7.501616
126 3.01859e-08 -inf	MEDIAN 126 -7.501616
127 3.36335e-08 -inf	MEDIAN 127 -7.501616
128 3.19319e-08 -inf	MEDIAN 128 -7.501616
129 3.11365e-08 -inf	MEDIAN 129 -7.501616
130 3.06149e-08 -inf	MEDIAN 130 -7.496518
131 3.20407e-08 -inf	MEDIAN 131 -7.495881
132 3.19697e-08 -inf	MEDIAN 132 -7.494607
133 3.15288e-08 -inf	MEDIAN 133 -7.494607
134 1.74038e-07 -inf	MEDIAN 134 -7.492695
135 8.03818e-06 -inf	MEDIAN 135 -7.488872
136 3.424e-08 -inf	MEDIAN 136 -7.489509
137 2.83582e-07 -inf	MEDIAN 137 -7.489509
138 3.30151e-08 -inf	MEDIAN 138 -7.491421
139 3.24723e-08 -inf	MEDIAN 139 -7.491421
140 3.48785e-08 -inf	MEDIAN 140 -7.491421
141 3.43185e-08 -inf	MEDIAN 141 -7.491421
142 3.1003e-05 -inf	MEDIAN 142 -7.491421
143 7.31772e-08 -inf	MEDIAN 143 -7.491421
144 3.87314e-08 -inf	MEDIAN 144 -7.491421
145 3.45075e-08 -inf	MEDIAN 145 -7.493332
146 3.07923e-08 -inf	MEDIAN 146 -7.493969
147 3.21987e-08 -inf	MEDIAN 147 -7.507351
148 3.32779e-08 -inf	MEDIAN 148 -7.512449
149 3.23268e-08 -inf	MEDIAN 149 -7.537938
150 3.21319e-08 -inf	MEDIAN 150 -7.556417
151 3.11818e-08 -inf	MEDIAN 151 -7.592101
152 2.90522e-08 -inf	MEDIAN 152 -7.648814
153 2.78141e-08 -inf	MEDIAN 153 -7.777532
154 2.56286e-08 -inf	MEDIAN 154 -7.938111
155 2.24838e-08 -inf	MEDIAN 155 -8.095505
156 1.67182e-08 -inf	MEDIAN 156 -8.337011
157 1.15526e-08 -inf	MEDIAN 157 -8.567047
158 8.04032e-09 -inf	MEDIAN 158 -8.781790
159 4.61228e-09 -inf	MEDIAN 159 -9.013738
160 2.71493e-09 -inf	MEDIAN 160 -9.322789
161 1.65583e-09 -inf	MEDIAN 161 -9.636938
162 9.71211e-10 -inf	MEDIAN 162 -9.949813
163 4.76779e-10 -inf	MEDIAN 163 -10.212985
164 2.31366e-10 -inf	MEDIAN 164 -10.379936
165 1.12497e-10 -inf	MEDIAN 165 -10.541153
166 6.13935e-11 -inf	MEDIAN 166 -10.576200
167 4.17863e-11 -inf	MEDIAN 167 -10.660950
168 2.88451e-11 -inf	MEDIAN 168 -10.689625
169 2.65758e-11 -inf	MEDIAN 169 -10.752709
170 2.188e-11 -inf	MEDIAN 170 -10.772464
171 2.04727e-11 -inf	MEDIAN 171 -10.782022
172 1.69336e-11 -inf	MEDIAN 172 -10.794129
173 1.77035e-11 -inf	MEDIAN 173 -10.801776
174 1.58185e-11 -inf	MEDIAN 174 -10.802413
175 1.65583e-11 -inf	MEDIAN 175 -10.816432
176 1.61033e-11 -inf	MEDIAN 176 -10.821529
177 1.5807e-11 -inf	MEDIAN 177 -10.824716
178 1.53013e-11 -inf	MEDIAN 178 -10.832999
179 1.5002e-11 -inf	MEDIAN 179 -10.836185
180 1.40797e-11 -inf	MEDIAN 180 -10.838098
181 1.4334e-11 -inf	MEDIAN 181 -10.840009
182 1.44807e-11 -inf	MEDIAN 182 -10.843832
183 1.38908e-11 -inf	MEDIAN 183 -10.844469
184 1.40919e-11 -inf	MEDIAN 184 -10.844469
185 1.40612e-11 -inf	MEDIAN 185 -10.844469
186 1.46137e-11 -inf	MEDIAN 186 -10.846381
187 1.45404e-11 -inf	MEDIAN 187 -10.846381
188 1.47217e-11 -inf	MEDIAN 188 -10.846381
189 1.39535e-11 -inf	MEDIAN 189 -10.847018
190 1.43586e-11 -inf	MEDIAN 190 -10.847018
191 1.40823e-11 -inf	MEDIAN 191 -10.846381
192 1.37585e-11 -inf	MEDIAN 192 -10.846381
193 1.41975e-11 -inf	MEDIAN 193 -10.847018
194 1.43282e-11 -inf	MEDIAN 194 -10.847018
195 1.33204e-11 -inf	MEDIAN 195 -10.846381
196 1.37964e-11 -inf	MEDIAN 196 -10.845744
197 1.42689e-11 -inf	MEDIAN 197 -10.846381
198 1.45543e-11 -inf	MEDIAN 198 -10.847018
199 1.42485e-11 -inf	MEDIAN 199 -10.847018
200 1.51468e-11 -inf	MEDIAN 200 -10.846381
201 1.46545e-11 -inf	MEDIAN 201 -10.847018
202 1.41367e-11 -inf	MEDIAN 202 -10.847018
203 1.45521e-11 -inf	MEDIAN 203 -10.847018
204 1.43188e-11 -inf	MEDIAN 204 -10.846381
205 2.86217e-11 -inf	MEDIAN 205 -10.847018
206 1.4079e-11 -inf	MEDIAN 206 -10.846381
207 1.40495e-11 -inf	MEDIAN 207 -10.845744
208 1.5258e-11 -inf	MEDIAN 208 -10.845744
209 1.44887e-11 -inf	MEDIAN 209 -10.845744
210 1.39193e-11 -inf	MEDIAN 210 -10.844469
211 1.41282e-11 -inf	MEDIAN 211 -10.844469
212 1.4489e-11 -inf	MEDIAN 212 -10.844469
213 1.45078e-11 -inf	MEDIAN 213 -10.844469
214 1.40898e-11 -inf	MEDIAN 214 -10.844469
215 1.4089e-11 -inf	MEDIAN 215 -10.844469
216 1.41775e-11 -inf	MEDIAN 216 -10.849567
217 1.47837e-11 -inf	MEDIAN 217 -10.849567
218 1.31877e-11 -inf	MEDIAN 218 -10.848930
219 1.4333e-11 -inf	MEDIAN 219 -10.848930
220 1.43741e-11 -inf	MEDIAN 220 -10.848930
221 1.36964e-11 -inf	MEDIAN 221 -10.847655
222 1.44209e-11 -inf	MEDIAN 222 -10.847655
223 1.44677e-11 -inf	MEDIAN 223 -10.848292
224 1.43581e-11 -inf	MEDIAN 224 -10.848292
225 1.48624e-11 -inf	MEDIAN 225 -10.848292
226 1.37871e-11 -inf	MEDIAN 226 -10.848292
227 1.48942e-11 -inf	MEDIAN 227 -10.848292
228 1.40838e-11 -inf	MEDIAN 228 -10.848292
229 1.38271e-11 -inf	MEDIAN 229 -10.848292
230 1.37381e-11 -inf	MEDIAN 230 -10.849567
231 1.42828e-11 -inf	MEDIAN 231 -10.849567
232 3.918e-11 -inf	MEDIAN 232 -10.848930
233 1.47139e-11 -inf	MEDIAN 233 -10.848930
234 1.42096e-11 -inf	MEDIAN 234 -10.848930
235 1.41687e-11 -inf	MEDIAN 235 -10.849567
236 1.40149e-11 -inf	MEDIAN 236 -10.850842
237 1.48074e-11 -inf	MEDIAN 237 -10.850842
238 1.41233e-11 -inf	MEDIAN 238 -10.850842
239 1.34995e-11 -inf	MEDIAN 239 -10.850204
240 1.35697e-11 -inf	MEDIAN 240 -10.848930
241 1.43753e-11 -inf	MEDIAN 241 -10.848930
242 1.38473e-11 -inf	MEDIAN 242 -10.848930
243 1.39349e-11 -inf	MEDIAN 243 -10.848930
244 1.45964e-11 -inf	MEDIAN 244 -10.848930
245 1.43457e-11 -inf	MEDIAN 245 -10.848930
246 1.4388e-11 -inf	MEDIAN 246 -10.848930
247 1.42775e-11 -inf	MEDIAN 247 -10.848930
248 1.38825e-11 -inf	MEDIAN 248 -10.848930
249 1.40267e-11 -inf	MEDIAN 249 -10.848930
250 1.36976e-11 -inf	MEDIAN 250 -10.848930
251 1.43454e-11 -inf	MEDIAN 251 -10.848930
252 1.43311e-11 -inf	MEDIAN 252 -10.848930
253 1.45039e-11 -inf	MEDIAN 253 -10.848930
254 1.31779e-11 -inf	MEDIAN 254 -10.848930
