GREP i bandpass median diff
GREP 0 0.000000 0.000000 0.000000
GREP 1 0.000000 0.000000 -0.000000
GREP 2 0.000000 0.000000 -0.000000
GREP 3 0.000000 0.000000 -0.000000
GREP 4 0.000000 0.000000 -0.000000
GREP 5 0.000000 0.000000 0.000000
GREP 6 0.000000 0.000000 0.000000
GREP 7 0.000000 0.000000 0.000000
GREP 8 0.000000 0.000000 0.000000
GREP 9 0.000000 0.000000 -0.000000
GREP 10 0.000000 0.000000 0.000000
GREP 11 0.000000 0.000000 0.000000
GREP 12 0.000000 0.000000 -0.000000
GREP 13 0.000000 0.000000 0.000000
GREP 14 0.000000 0.000000 -0.000000
GREP 15 0.000000 0.000000 0.000000
GREP 16 0.000000 0.000000 -0.000000
GREP 17 0.000000 0.000000 -0.000000
GREP 18 0.000000 0.000000 0.000000
GREP 19 0.000000 0.000000 0.000000
GREP 20 0.000000 0.000000 -0.000000
GREP 21 0.000000 0.000000 -0.000000
GREP 22 0.000000 0.000000 0.000000
GREP 23 0.000000 0.000000 0.000000
GREP 24 0.000000 0.000000 -0.000000
GREP 25 0.000000 0.000000 0.000000
GREP 26 0.000000 0.000000 0.000000
GREP 27 0.000000 0.000000 -0.000000
GREP 28 0.000000 0.000000 -0.000000
GREP 29 0.000000 0.000000 -0.000000
GREP 30 0.000000 0.000000 0.000000
GREP 31 0.000000 0.000000 0.000000
GREP 32 0.000000 0.000000 0.000000
GREP 33 0.000000 0.000000 -0.000000
GREP 34 0.000000 0.000000 0.000000
GREP 35 0.000000 0.000000 0.000000
GREP 36 0.000000 0.000000 -0.000000
GREP 37 0.000000 0.000000 -0.000000
GREP 38 0.000000 0.000000 0.000000
GREP 39 0.000000 0.000000 0.000000
GREP 40 0.000000 0.000000 -0.000000
GREP 41 0.000000 0.000000 -0.000000
GREP 42 0.000000 0.000000 -0.000000
GREP 43 0.000000 0.000000 0.000000
GREP 44 0.000000 0.000000 0.000000
GREP 45 0.000000 0.000000 -0.000000
GREP 46 0.000000 0.000000 0.000000
GREP 47 0.000000 0.000000 0.000000
GREP 48 0.000000 0.000000 -0.000000
GREP 49 0.000000 0.000000 0.000000
GREP 50 0.000000 0.000000 0.000000
GREP 51 0.000000 0.000000 0.000000
GREP 52 0.000000 0.000000 0.000000
GREP 53 0.000000 0.000000 -0.000000
GREP 54 0.000000 0.000000 -0.000000
GREP 55 0.000000 0.000000 -0.000000
GREP 56 0.000000 0.000000 -0.000000
GREP 57 0.000000 0.000000 -0.000000
GREP 58 0.000000 0.000000 0.000000
GREP 59 0.000000 0.000000 0.000000
GREP 60 0.000000 0.000000 0.000000
GREP 61 0.000000 0.000000 0.000000
GREP 62 0.000000 0.000000 0.000000
GREP 63 0.000000 0.000000 0.000000
GREP 64 0.000000 0.000000 0.000000
GREP 65 0.000000 0.000000 -0.000000
GREP 66 0.000000 0.000000 0.000000
GREP 67 0.000000 0.000000 -0.000000
GREP 68 0.000000 0.000000 0.000000
GREP 69 0.000000 0.000000 -0.000000
GREP 70 0.000000 0.000000 -0.000000
GREP 71 0.000000 0.000000 -0.000000
GREP 72 0.000000 0.000000 -0.000000
GREP 73 0.000000 0.000000 0.000000
GREP 74 0.000000 0.000000 -0.000000
GREP 75 0.000000 0.000000 -0.000000
GREP 76 0.000000 0.000000 0.000000
GREP 77 0.000000 0.000000 0.000000
GREP 78 0.000000 0.000000 0.000000
GREP 79 0.000001 0.000000 0.000000
GREP 80 0.000001 0.000001 0.000000
GREP 81 0.000004 0.000001 0.000002
GREP 82 0.000008 0.000004 0.000004
GREP 83 0.000014 0.000008 0.000006
GREP 84 0.000029 0.000013 0.000016
GREP 85 0.000057 0.000029 0.000028
GREP 86 0.000102 0.000057 0.000045
GREP 87 0.000225 0.000102 0.000124
GREP 88 0.014698 0.000152 0.014546
GREP 89 0.000152 0.000164 -0.000012
GREP 90 0.000164 0.000168 -0.000004
GREP 91 0.000284 0.000172 0.000112
GREP 92 0.000168 0.000183 -0.000016
GREP 93 0.000172 0.000192 -0.000019
GREP 94 0.000183 0.000192 -0.000008
GREP 95 0.000192 0.000193 -0.000001
GREP 96 0.000192 0.000197 -0.000006
GREP 97 0.000214 0.000203 0.000011
GREP 98 0.000209 0.000203 0.000007
GREP 99 0.000197 0.000202 -0.000005
GREP 100 0.000193 0.000202 -0.000010
GREP 101 0.000203 0.000203 0.000000
GREP 102 0.000210 0.000204 0.000007
GREP 103 0.000204 0.000204 0.000000
GREP 104 0.000210 0.000207 0.000004
GREP 105 0.000207 0.000207 0.000000
GREP 106 0.000242 0.000207 0.000035
GREP 107 0.000291 0.000209 0.000082
GREP 108 0.000674 0.000209 0.000464
GREP 109 0.000268 0.000209 0.000059
GREP 110 0.000197 0.000209 -0.000012
GREP 111 0.000201 0.000209 -0.000008
GREP 112 0.000215 0.000210 0.000005
GREP 113 0.000211 0.000210 0.000001
GREP 114 0.000741 0.000210 0.000531
GREP 115 0.042021 0.000211 0.041810
GREP 116 0.000219 0.000215 0.000004
GREP 117 0.000206 0.000216 -0.000010
GREP 118 0.000203 0.000216 -0.000013
GREP 119 0.000210 0.000216 -0.000006
GREP 120 0.000209 0.000216 -0.000006
GREP 121 0.000199 0.000216 -0.000017
GREP 122 0.000216 0.000217 -0.000001
GREP 123 0.000204 0.000219 -0.000014
GREP 124 0.000246 0.000221 0.000024
GREP 125 0.000224 0.000221 0.000002
GREP 126 0.000221 0.000221 -0.000000
GREP 127 0.000224 0.000221 0.000002
GREP 128 0.000217 0.000223 -0.000006
GREP 129 0.000223 0.000223 -0.000000
GREP 130 0.000242 0.000224 0.000018
GREP 131 0.000243 0.000229 0.000014
GREP 132 0.000222 0.000235 -0.000013
GREP 133 0.000253 0.000236 0.000017
GREP 134 0.001961 0.000239 0.001722
GREP 135 0.000254 0.000239 0.000015
GREP 136 0.001319 0.000239 0.001079
GREP 137 0.000235 0.000239 -0.000004
GREP 138 0.000229 0.000239 -0.000010
GREP 139 0.000236 0.000239 -0.000003
GREP 140 0.000243 0.000239 0.000004
GREP 141 0.036103 0.000239 0.035864
GREP 142 0.000508 0.000239 0.000269
GREP 143 0.000250 0.000235 0.000014
GREP 144 0.000247 0.000235 0.000011
GREP 145 0.000239 0.000234 0.000005
GREP 146 0.000244 0.000231 0.000013
GREP 147 0.000231 0.000229 0.000003
GREP 148 0.000243 0.000226 0.000017
GREP 149 0.000225 0.000225 0.000000
GREP 150 0.000226 0.000217 0.000009
GREP 151 0.000218 0.000203 0.000015
GREP 152 0.000203 0.000185 0.000018
GREP 153 0.000186 0.000151 0.000035
GREP 154 0.000151 0.000113 0.000038
GREP 155 0.000113 0.000084 0.000030
GREP 156 0.000084 0.000051 0.000033
GREP 157 0.000051 0.000032 0.000019
GREP 158 0.000032 0.000018 0.000013
GREP 159 0.000019 0.000011 0.000008
GREP 160 0.000011 0.000006 0.000005
GREP 161 0.000006 0.000003 0.000003
GREP 162 0.000003 0.000002 0.000002
GREP 163 0.000002 0.000001 0.000001
GREP 164 0.000001 0.000001 0.000000
GREP 165 0.000001 0.000001 0.000000
GREP 166 0.000001 0.000001 0.000000
GREP 167 0.000001 0.000000 0.000000
GREP 168 0.000000 0.000000 0.000000
GREP 169 0.000000 0.000000 0.000000
GREP 170 0.000000 0.000000 0.000000
GREP 171 0.000000 0.000000 0.000000
GREP 172 0.000000 0.000000 -0.000000
GREP 173 0.000000 0.000000 -0.000000
GREP 174 0.000000 0.000000 -0.000000
GREP 175 0.000000 0.000000 -0.000000
GREP 176 0.000000 0.000000 -0.000000
GREP 177 0.000000 0.000000 0.000000
GREP 178 0.000000 0.000000 0.000000
GREP 179 0.000000 0.000000 0.000000
GREP 180 0.000000 0.000000 0.000000
GREP 181 0.000000 0.000000 0.000000
GREP 182 0.000000 0.000000 0.000000
GREP 183 0.000000 0.000000 0.000000
GREP 184 0.000000 0.000000 0.000000
GREP 185 0.000000 0.000000 0.000000
GREP 186 0.000000 0.000000 0.000000
GREP 187 0.000000 0.000000 -0.000000
GREP 188 0.000000 0.000000 -0.000000
GREP 189 0.000000 0.000000 0.000000
GREP 190 0.000000 0.000000 -0.000000
GREP 191 0.000000 0.000000 -0.000000
GREP 192 0.000000 0.000000 -0.000000
GREP 193 0.000000 0.000000 -0.000000
GREP 194 0.000000 0.000000 -0.000000
GREP 195 0.000000 0.000000 -0.000000
GREP 196 0.000000 0.000000 0.000000
GREP 197 0.000000 0.000000 0.000000
GREP 198 0.000000 0.000000 0.000000
GREP 199 0.000000 0.000000 -0.000000
GREP 200 0.000000 0.000000 -0.000000
GREP 201 0.000000 0.000000 0.000000
GREP 202 0.000000 0.000000 0.000000
GREP 203 0.000000 0.000000 0.000000
GREP 204 0.000000 0.000000 0.000000
GREP 205 0.000000 0.000000 0.000000
GREP 206 0.000000 0.000000 -0.000000
GREP 207 0.000000 0.000000 0.000000
GREP 208 0.000000 0.000000 0.000000
GREP 209 0.000000 0.000000 0.000000
GREP 210 0.000000 0.000000 0.000000
GREP 211 0.000000 0.000000 0.000000
GREP 212 0.000000 0.000000 -0.000000
GREP 213 0.000000 0.000000 -0.000000
GREP 214 0.000000 0.000000 -0.000000
GREP 215 0.000000 0.000000 0.000000
GREP 216 0.000000 0.000000 0.000000
GREP 217 0.000000 0.000000 0.000000
GREP 218 0.000000 0.000000 -0.000000
GREP 219 0.000000 0.000000 0.000000
GREP 220 0.000000 0.000000 -0.000000
GREP 221 0.000000 0.000000 -0.000000
GREP 222 0.000000 0.000000 0.000000
GREP 223 0.000000 0.000000 0.000000
GREP 224 0.000000 0.000000 0.000000
GREP 225 0.000000 0.000000 0.000000
GREP 226 0.000000 0.000000 -0.000000
GREP 227 0.000000 0.000000 0.000000
GREP 228 0.000000 0.000000 0.000000
GREP 229 0.000000 0.000000 -0.000000
GREP 230 0.000000 0.000000 -0.000000
GREP 231 0.000000 0.000000 0.000000
GREP 232 0.000000 0.000000 0.000000
GREP 233 0.000000 0.000000 0.000000
GREP 234 0.000000 0.000000 0.000000
GREP 235 0.000000 0.000000 -0.000000
GREP 236 0.000000 0.000000 0.000000
GREP 237 0.000000 0.000000 -0.000000
GREP 238 0.000000 0.000000 -0.000000
GREP 239 0.000000 0.000000 0.000000
GREP 240 0.000000 0.000000 0.000000
GREP 241 0.000000 0.000000 -0.000000
GREP 242 0.000000 0.000000 -0.000000
GREP 243 0.000000 0.000000 -0.000000
GREP 244 0.000000 0.000000 -0.000000
GREP 245 0.000000 0.000000 -0.000000
GREP 246 0.000000 0.000000 -0.000000
GREP 247 0.000000 0.000000 0.000000
GREP 248 0.000000 0.000000 -0.000000
GREP 249 0.000000 0.000000 0.000000
GREP 250 0.000000 0.000000 0.000000
GREP 251 0.000000 0.000000 0.000000
GREP 252 0.000000 0.000000 -0.000000
GREP 253 0.000000 0.000000 -0.000000
GREP 254 0.000000 0.000000 0.000000
