SNR Freq(Hz) DM_pc/cc Nh Nocc
46.700001 44.057144 48.716179 3 141762
23.500000 50.006432 46.000000 0 207807
18.100000 49.949627 46.000000 1 44261
13.000000 50.057426 48.031704 4 34176
11.600000 104.404289 46.224163 4 14306
11.600000 1000.000183 47.577419 2 1218
11.500000 25.291344 46.000000 4 12985
11.400000 59.762154 46.224163 4 13781
11.400000 155.793503 47.124748 4 8563
11.400000 115.827774 47.350883 4 9105
11.200000 97.212143 46.448719 4 8505
11.200000 17.752405 46.673668 4 11685
11.200000 102.229416 47.124748 4 6502
11.200000 45.254829 47.804359 4 11208
11.100000 52.009594 48.259453 4 6536
11.100000 52.125191 48.259453 4 5059
11.100000 49.116440 48.716179 4 7568
11.100000 103.273079 48.716179 4 6300
11.100000 82.368378 48.716179 4 5937
11.000000 12.186239 46.000000 4 3676
11.000000 20.417383 46.448719 4 4818
11.000000 29.002317 46.448719 4 4283
10.900000 39.477947 46.899010 4 5686
10.800000 49.891533 47.577419 4 2478
10.700000 100.965721 48.031704 4 3336
10.700000 154.663925 48.031704 4 2204
10.700000 73.897537 48.487610 4 4226
10.600000 175.842331 46.224163 4 2215
10.600000 17.248560 46.899010 4 2312
10.600000 127.075005 47.577419 4 1998
10.600000 171.587341 48.259453 2 975
10.600000 37.100285 48.716179 4 1927
10.500000 126.858589 46.000000 4 1717
10.500000 24.604378 47.577419 4 1712
10.400000 11.928146 46.448719 4 1497
10.400000 103.619766 47.577419 4 1243
10.400000 130.735107 47.804359 4 1745
10.400000 52.491318 48.259453 4 1411
10.400000 127.260925 48.487610 4 778
10.300000 215.054016 46.000000 2 539
10.300000 5.763723 46.000000 4 1148
10.300000 23.413683 46.673668 4 1263
10.300000 3.439956 46.673668 4 3700
10.300000 14.549237 46.899010 4 885
10.300000 105.119545 47.350883 4 650
10.300000 122.265305 47.350883 4 1000
10.300000 8.295406 48.031704 4 852
10.200000 291.075775 47.124748 3 181
10.200000 142.181885 47.577419 4 321
10.200000 14.716991 48.716179 4 532
10.100000 102.338150 46.673668 4 298
10.100000 5.997951 46.673668 4 569
10.100000 18.326216 47.350883 4 672
10.100000 29.641903 47.804359 4 340
10.100000 2.719346 48.031704 4 2522
10.100000 15.422120 48.487610 4 678
10.000000 293.811798 46.448719 3 163
10.000000 160.460007 46.673668 4 317
10.000000 1078.806763 47.124748 0 87
10.000000 251.933929 48.716179 2 263
