35.5 0.499992 2.00003 0
59.1 0.500003 1.99999 1
52.7 0.999995 1.00001 2
62.3 1 1 3
54.1 1 0.999997 4
31.6 0.999984 1.00002 1
49.6 0.5 2 2
44.5 2.00001 0.499997 3
48.6 2.00001 0.499997 4
20.7 0.142858 6.99996 0
40.9 0.500001 1.99999 3
40.0 3 0.333333 4
19.3 0.249999 4.00002 0
23.2 0.25 4 1
31.1 1.5 0.666667 2
33.0 1.5 0.666667 3
33.3 3.99998 0.250001 4
18.6 0.881067 1.13499 0
21.4 0.333333 3.00001 1
24.8 1.99997 0.500008 2
32.4 0.500001 1.99999 4
14.5 0.440993 2.26761 0
19.1 0.882003 1.13378 1
23.0 0.333335 2.99998 2
27.1 3 0.333333 3
30.0 1.49999 0.666669 4
13.6 0.199999 5.00002 0
18.4 0.2 4.99999 1
21.4 0.250001 3.99999 2
23.7 3.49995 0.285718 3
16.6 0.142857 6.99998 1
19.4 0.882028 1.13375 2
20.2 3.99994 0.250004 3
12.1 0.33333 3.00003 0
15.3 0.285716 3.49998 1
18.3 0.200001 4.99998 2
19.8 0.333334 2.99999 3
25.3 3.49999 0.285715 4
17.0 0.881059 1.135 2
19.2 0.250001 3.99999 3
23.3 2.49998 0.400003 4
12.0 0.166668 5.99997 0
16.5 0.400002 2.49999 2
19.1 2.49997 0.400005 3
10.4 0.0503796 19.8493 0
13.5 0.440993 2.26761 1
16.3 1.76401 0.566891 2
18.7 0.66667 1.49999 3
10.1 0.0381906 26.1844 0
13.4 1.76213 0.567494 1
16.2 0.666665 1.5 2
18.1 0.882028 1.13375 3
10.1 0.200184 4.99541 0
15.8 0.800004 1.24999 2
16.8 1.33334 0.749996 3
16.4 0.88094 1.13515 3
18.3 0.333335 2.99998 4
14.4 0.142857 6.99998 2
16.0 0.400001 2.49999 3
18.2 1.76188 0.567576 4
15.9 0.749997 1.33334 3
17.5 0.881063 1.13499 4
11.8 0.294008 3.40126 1
15.8 1.76399 0.566897 3
17.3 1.33334 0.749999 4
14.0 0.600002 1.66666 2
15.2 0.800004 1.24999 3
17.1 0.666669 1.49999 4
14.0 1.7621 0.567504 2
15.1 3.52801 0.283446 3
17.0 1.66667 0.599997 4
11.3 0.399999 2.50001 1
13.9 2.64303 0.378354 2
14.9 2.64595 0.377936 3
17.0 0.25 3.99999 4
13.4 0.749994 1.33334 2
14.8 1.76189 0.567573 3
17.0 2.64595 0.377936 4
11.0 0.27303 3.6626 1
14.6 1.32297 0.755873 3
16.9 1.76404 0.566881 4
13.0 1.27596 0.783723 2
10.6 0.0413348 24.1927 1
14.3 2.64295 0.378364 3
16.1 0.881997 1.13379 4
14.2 0.2 4.99999 3
15.9 3.52795 0.283451 4
10.4 0.535551 1.86724 1
12.6 0.440993 2.26761 2
15.3 2.64312 0.378341 4
10.4 0.123103 8.12328 1
14.1 0.600002 1.66666 3
10.4 0.0498 20.0803 1
13.6 0.714286 1.4 3
15.1 0.800003 1.25 4
10.2 0.425328 2.35113 1
13.6 4.40529 0.227 3
10.1 0.0894332 11.1815 1
12.3 3.52808 0.28344 2
15.1 0.749993 1.33335 4
13.3 0.16482 6.06722 3
10.0 0.0990257 10.0984 1
14.9 1.75 0.571428 4
13.2 1.60001 0.624997 3
12.1 0.285715 3.49999 2
14.8 0.2 4.99999 4
13.1 0.142857 6.99998 3
14.8 4.40529 0.227 4
12.0 0.284165 3.51908 2
14.8 2.33333 0.428572 4
13.0 1.74999 0.571431 3
11.7 0.134719 7.42284 2
12.9 0.285715 3.49999 3
11.6 0.218496 4.57674 2
12.9 1.25 0.8 3
14.4 2.25 0.444444 4
14.3 0.755088 1.32435 4
12.9 2.33332 0.428574 3
12.8 0.165545 6.04066 3
14.3 1.25 0.799997 4
11.3 0.165545 6.04065 2
12.7 0.440999 2.26758 3
14.2 0.969664 1.03129 4
11.3 4.27106 0.234134 2
14.2 0.568331 1.75954 4
11.2 1.32455 0.754974 2
10.8 0.300559 3.32713 2
10.8 0.14346 6.97058 2
14.1 1.12946 0.885383 4
10.8 0.126534 7.90304 2
10.8 0.220288 4.53952 2
14.1 0.411103 2.43248 4
10.8 0.588013 1.70064 2
12.3 0.428571 2.33333 3
10.7 0.279791 3.57409 2
12.3 0.880407 1.13584 3
10.6 0.159951 6.2519 2
13.9 0.714286 1.4 4
10.6 0.103212 9.68875 2
13.8 1.23331 0.810823 4
12.2 0.357733 2.79538 3
13.8 1.2 0.833331 4
10.5 0.347768 2.87548 2
13.8 2.53254 0.394861 4
13.8 1.26728 0.789092 4
10.4 1.0205 0.979913 2
12.1 0.124004 8.06424 3
13.8 0.4 2.5 4
10.4 0.440408 2.27062 2
10.4 0.175356 5.70267 2
13.7 0.413499 2.41839 4
10.3 0.0992567 10.0749 2
12.0 1.64422 0.608191 3
12.0 0.352657 2.83562 3
13.6 0.822142 1.21634 4
10.3 0.12053 8.29668 2
13.5 2.66666 0.375001 4
10.2 0.564729 1.77076 2
13.5 1.32297 0.755875 4
10.2 0.183294 5.45573 2
10.2 0.503392 1.98652 2
10.2 0.150062 6.66393 2
11.9 0.284166 3.51908 3
13.4 2.64072 0.378684 4
10.1 0.133509 7.49011 2
11.8 0.30446 3.28451 3
10.1 0.104222 9.5949 2
11.8 0.150691 6.63612 3
10.1 0.963644 1.03773 2
11.8 0.325285 3.07423 3
10.1 0.0624709 16.0075 2
11.8 0.308342 3.24316 3
10.0 0.294008 3.40127 2
11.7 1.17603 0.850321 3
13.4 1.6 0.624999 4
10.0 0.317596 3.14865 2
11.7 2.13705 0.467935 3
13.3 1.51018 0.662175 4
10.0 0.0933709 10.71 2
11.7 0.440319 2.27108 3
11.7 0.102482 9.75776 3
13.3 0.279791 3.5741 4
10.0 0.078705 12.7057 2
11.7 1.0433 0.958494 3
13.2 1.20384 0.830678 4
11.6 0.186121 5.37284 3
13.2 0.633614 1.57825 4
11.6 3.52381 0.283784 3
13.2 0.600002 1.66666 4
13.2 1.5076 0.663306 4
11.5 0.220186 4.54161 3
11.5 0.503389 1.98653 3
11.5 0.223782 4.46864 3
13.2 0.93441 1.07019 4
13.2 0.608919 1.64225 4
11.5 1.76077 0.567932 3
11.4 0.310523 3.22038 3
13.1 3.91159 0.255651 4
11.4 2.83734 0.352443 3
13.1 0.378496 2.64204 4
11.4 0.779416 1.28301 3
11.4 0.411104 2.43247 3
11.3 0.413499 2.41839 3
54.3 0.500003 1.99999 0
54.8 0.499997 2.00001 1
57.7 1.00001 0.999995 2
62.5 1.00001 0.999995 3
52.9 1 0.999997 4
29.4 0.250001 3.99998 0
34.1 0.999984 1.00002 1
50.4 0.5 2 2
43.3 1.99999 0.500003 3
48.2 2.00001 0.499997 4
40.9 0.500001 1.99999 3
37.0 2.99998 0.333336 4
18.8 0.881067 1.13499 0
24.2 0.25 4 1
31.3 1.5 0.666667 2
32.5 1.49999 0.666672 3
34.8 4.00002 0.249999 4
18.7 0.142858 6.99996 0
23.2 0.333333 3.00001 1
26.6 1.99997 0.500008 2
32.7 0.500003 1.99999 4
17.7 0.199999 5.00002 0
19.4 0.2 4.99999 1
23.8 0.333335 2.99998 2
27.6 4.00002 0.249999 3
30.8 1.49999 0.666672 4
14.5 0.33333 3.00003 0
19.0 0.400002 2.49999 1
21.0 0.250001 3.99999 2
27.3 3 0.333333 3
14.5 0.440993 2.26761 0
18.8 0.882003 1.13378 1
19.5 0.66667 1.49999 2
23.8 3.49995 0.285718 3
15.2 0.142858 6.99996 1
19.5 0.88202 1.13376 2
19.6 0.333334 2.99999 3
25.2 3.49999 0.285715 4
17.6 0.2 4.99999 2
19.3 2.49997 0.400005 3
24.1 2.49998 0.400003 4
10.7 0.0843814 11.851 0
17.0 0.881059 1.135 2
19.3 0.666668 1.5 3
10.6 0.0587765 17.0136 0
13.7 1.76213 0.567494 1
16.8 0.4 2.5 2
19.1 0.88202 1.13376 3
10.4 0.166666 6.00001 0
13.5 0.440993 2.26761 1
16.1 1.76401 0.566891 2
18.8 0.250001 3.99999 3
10.3 0.025337 39.4679 0
15.6 0.800004 1.24999 2
16.6 1.76404 0.566881 3
10.3 0.217828 4.59077 0
14.9 0.749994 1.33334 2
16.3 0.750003 1.33333 3
19.4 0.333334 2.99999 4
16.1 0.881059 1.135 3
15.9 0.4 2.5 3
18.5 1.76404 0.566881 4
14.2 0.142858 6.99997 2
18.1 0.666668 1.5 4
11.9 0.285714 3.5 1
15.2 3.52801 0.283446 3
17.8 1.33334 0.749999 4
15.2 0.800001 1.25 3
17.8 0.882016 1.13377 4
11.6 0.0618671 16.1637 1
13.5 1.7621 0.567504 2
15.0 1.33333 0.750001 3
17.1 1.76191 0.567565 4
11.5 0.267775 3.73447 1
13.3 0.600002 1.66666 2
14.4 2.64595 0.377936 3
13.2 2.64303 0.378354 2
16.4 3.52808 0.28344 4
14.4 1.32297 0.755873 3
16.4 2.64595 0.377936 4
11.0 0.0413347 24.1928 1
12.9 0.44101 2.26752 2
14.2 0.2 5.00001 3
16.3 0.250001 3.99999 4
14.2 1.76189 0.567573 3
16.0 1.66667 0.6 4
10.9 0.0349879 28.5813 1
12.8 1.27596 0.783723 2
15.9 0.749991 1.33335 4
10.8 0.294008 3.40126 1
13.7 2.64295 0.378364 3
15.9 0.881087 1.13496 4
10.6 0.510249 1.95983 1
13.6 4.40529 0.227 3
15.8 0.800849 1.24867 4
10.5 0.0444418 22.5013 1
12.4 0.285716 3.49998 2
10.5 0.0504999 19.802 1
15.2 0.800001 1.25 4
15.0 4.40529 0.227 4
10.4 0.0519158 19.262 1
13.1 1.60001 0.624997 3
10.3 0.0926318 10.7954 1
12.3 3.52808 0.28344 2
13.1 1.25 0.8 3
10.3 0.666661 1.50001 1
13.1 0.142858 6.99998 3
14.8 2.33333 0.428572 4
10.2 0.293248 3.41008 1
10.2 0.116863 8.55705 1
12.1 0.284164 3.51909 2
10.2 0.0635251 15.7418 1
13.0 0.599994 1.66668 3
11.7 0.107799 9.27657 2
12.9 1.74999 0.571431 3
14.6 0.755085 1.32435 4
14.5 2.24997 0.44445 4
14.5 2.64072 0.378684 4
12.8 0.880178 1.13613 3
12.7 2.33332 0.428574 3
11.4 4.27106 0.234134 2
12.6 0.285715 3.49999 3
11.3 1.32455 0.754974 2
14.2 0.969664 1.03129 4
11.2 0.133325 7.50046 2
12.4 2.66668 0.374998 3
14.2 2.66666 0.375001 4
11.1 0.588013 1.70064 2
11.0 0.440572 2.26977 2
14.1 0.56833 1.75954 4
12.3 1.40001 0.714282 3
14.1 0.4 2.5 4
10.7 0.185602 5.38787 2
12.3 1.64422 0.608191 3
14.0 0.44099 2.26762 4
14.0 2.64312 0.378341 4
10.5 0.0872891 11.4562 2
12.3 0.564728 1.77077 3
14.0 1.6 0.624999 4
12.3 0.44099 2.26762 3
10.5 0.568332 1.75954 2
10.5 0.0413347 24.1927 2
13.8 1.75001 0.571426 4
10.4 0.16482 6.06722 2
12.2 0.165545 6.04067 3
10.3 0.0710209 14.0804 2
12.1 0.133325 7.50045 3
10.3 0.0774583 12.9102 2
13.7 2.53254 0.394861 4
12.1 0.440573 2.26977 3
13.6 2.77285 0.360639 4
10.3 0.252544 3.95971 2
13.6 0.440575 2.26976 4
10.2 0.503392 1.98652 2
13.6 0.599993 1.66669 4
10.2 0.126272 7.91942 2
10.2 0.325284 3.07423 2
12.1 0.570482 1.7529 3
13.6 1.51017 0.662177 4
10.1 0.121606 8.22327 2
12.1 0.880407 1.13584 3
10.1 0.173831 5.75271 2
12.1 1.17603 0.850321 3
13.5 0.626604 1.5959 4
10.1 0.29363 3.40565 2
10.1 0.44041 2.27061 2
10.0 0.090199 11.0866 2
13.5 1.32297 0.755873 4
10.0 0.260584 3.83753 2
12.0 0.247768 4.03603 3
10.0 0.220186 4.54162 2
12.0 0.714286 1.4 3
13.4 0.27979 3.57411 4
13.4 3.52378 0.283787 4
10.0 0.0826693 12.0964 2
11.9 0.16482 6.06723 3
13.4 0.906608 1.10301 4
11.9 0.325284 3.07423 3
13.3 0.47992 2.08368 4
11.8 1.2 0.833336 3
13.3 3.19999 0.312501 4
11.8 0.571432 1.74999 3
13.2 0.880182 1.13613 4
11.7 0.969669 1.03128 3
11.6 0.568329 1.75955 3
13.2 0.2 5.00001 4
11.5 0.755085 1.32435 3
13.2 3.24998 0.307695 4
13.2 0.723361 1.38244 4
11.5 2.64059 0.378703 3
13.2 0.633613 1.57825 4
11.5 0.386428 2.5878 3
13.2 1.25 0.799997 4
11.4 0.320831 3.11691 3
11.4 0.881428 1.13452 3
13.1 0.66379 1.5065 4
13.1 0.504576 1.98186 4
11.4 2.13705 0.467935 3
11.4 1.27596 0.783723 3
11.3 3.5242 0.283752 3
11.3 2.77285 0.360639 3
11.2 0.784365 1.27492 3
11.2 0.845642 1.18253 3
35.7 0.499992 2.00003 0
59.1 0.500003 1.99999 1
53.0 0.999995 1.00001 2
64.6 1.00001 0.999995 3
56.2 1.00001 0.999995 4
31.8 0.999984 1.00002 1
51.6 0.500003 1.99999 2
44.5 2.00001 0.499997 3
48.9 2.00001 0.499997 4
22.1 0.142858 6.99996 0
41.7 0.500001 1.99999 3
35.4 2.99998 0.333336 4
19.6 0.249999 4.00002 0
23.2 0.25 4 1
30.1 1.5 0.666667 2
30.9 1.49999 0.666672 3
35.2 4.00002 0.249999 4
18.4 0.881067 1.13499 0
21.7 0.333333 3.00001 1
24.9 1.99997 0.500008 2
32.6 0.500001 1.99999 4
14.0 0.440993 2.26761 0
19.3 0.400002 2.49999 1
23.5 0.333334 2.99999 2
26.4 3 0.333333 3
31.8 1.50001 0.666664 4
14.0 0.199999 5.00002 0
18.8 0.882003 1.13378 1
22.3 0.250001 3.99998 2
24.5 3.49995 0.285718 3
18.8 0.2 4.99999 1
18.6 0.882003 1.13378 2
20.5 3.99994 0.250004 3
12.6 0.33333 3.00003 0
17.5 0.142857 6.99998 1
18.5 0.200001 4.99998 2
20.0 0.333334 2.99999 3
25.8 3.49999 0.285715 4
15.9 0.285716 3.49998 1
17.6 0.75 1.33333 2
19.4 0.66667 1.49999 3
12.0 0.166668 5.99997 0
16.8 0.881059 1.135 2
18.8 2.49997 0.400005 3
10.9 0.200184 4.99541 0
13.5 1.76213 0.567494 1
16.4 0.800004 1.24999 2
18.6 0.88202 1.13376 3
22.7 2.49998 0.400003 4
16.4 1.76401 0.566891 2
18.2 0.250001 3.99998 3
10.0 0.0908677 11.005 0
12.6 0.440993 2.26761 1
16.3 0.666665 1.5 2
16.9 0.88094 1.13515 3
16.1 0.4 2.5 2
16.0 1.76404 0.566881 3
18.8 1.33334 0.749999 4
15.2 0.142857 6.99998 2
16.0 0.400001 2.49999 3
15.7 0.749997 1.33334 3
18.5 1.76188 0.567576 4
17.9 1.76404 0.566881 4
11.6 0.294008 3.40126 1
15.6 0.200001 4.99998 3
17.7 0.66667 1.49999 4
13.8 0.600002 1.66666 2
15.5 0.800004 1.24999 3
10.8 0.0498 20.0803 1
13.8 1.7621 0.567504 2
17.3 0.881063 1.13499 4
13.6 2.64303 0.378354 2
15.5 3.52801 0.283446 3
16.9 0.25 3.99999 4
15.0 1.76189 0.567573 3
16.8 1.66667 0.599997 4
10.5 0.166667 5.99999 1
14.7 0.714286 1.4 3
16.8 0.882016 1.13377 4
10.4 0.0867374 11.529 1
16.3 2.64595 0.377936 4
10.2 0.535551 1.86724 1
12.6 0.285715 3.49999 2
14.6 1.33333 0.750001 3
16.1 0.333334 3 4
14.5 0.600002 1.66666 3
10.1 0.220289 4.53948 1
14.3 2.64595 0.377936 3
15.7 2.64312 0.378341 4
10.1 0.440333 2.27101 1
12.4 0.428572 2.33333 2
14.2 2.64295 0.378364 3
15.6 3.52808 0.28344 4
12.1 3.52808 0.28344 2
10.0 0.259806 3.84903 1
15.1 0.600002 1.66666 4
11.9 0.44101 2.26752 2
15.0 1.75 0.571428 4
13.7 0.142857 6.99999 3
11.9 1.27596 0.783723 2
13.5 1.32297 0.755873 3
14.8 0.714286 1.4 4
13.5 1.60001 0.624997 3
14.7 0.800003 1.25 4
14.7 1.23331 0.810823 4
11.6 1.32455 0.754974 2
13.3 4.40529 0.227 3
11.6 0.588013 1.70064 2
13.1 1.74999 0.571431 3
11.5 0.192298 5.20027 2
13.0 0.285715 3.49999 3
14.6 4.40524 0.227002 4
11.4 0.144125 6.93842 2
12.9 2.33332 0.428574 3
11.3 0.284165 3.51908 2
12.9 2.66668 0.374998 3
14.5 0.750001 1.33333 4
11.3 0.165545 6.04065 2
14.5 2.33333 0.428572 4
12.7 0.428571 2.33333 3
14.4 1.12946 0.88538 4
12.6 0.440999 2.26758 3
11.0 0.134719 7.42284 2
10.9 0.300559 3.32713 2
14.3 0.400001 2.49999 4
10.8 0.347768 2.87548 2
12.4 1.17603 0.850321 3
12.3 0.571432 1.74999 3
10.6 0.963644 1.03773 2
12.3 1.25 0.8 3
14.1 2.66668 0.374998 4
10.6 0.159951 6.2519 2
10.6 0.159559 6.26728 2
14.0 1.6 0.624999 4
10.5 1.0205 0.979913 2
10.5 0.204965 4.87888 2
12.2 1.64422 0.608191 3
14.0 2.25 0.444444 4
10.5 0.220105 4.54329 2
12.1 0.880235 1.13606 3
12.1 0.12705 7.87092 3
13.9 3.52378 0.283787 4
10.4 0.440478 2.27026 2
12.1 3.52381 0.283784 3
13.9 1.20384 0.830678 4
10.4 0.105633 9.46675 2
12.1 1.4 0.714287 3
10.4 0.117797 8.48917 2
12.1 0.195774 5.10792 3
10.4 0.218496 4.57674 2
10.3 0.131779 7.58844 2
12.0 1.0433 0.958494 3
13.8 0.969664 1.03129 4
10.3 0.0983651 10.1662 2
12.0 0.535546 1.86725 3
10.2 0.0959615 10.4208 2
13.7 1.2 0.833331 4
10.2 0.186781 5.35386 2
11.9 0.411103 2.43248 3
10.2 0.0878311 11.3855 2
13.6 0.570484 1.7529 4
10.2 0.564729 1.77076 2
11.9 0.251696 3.97305 3
13.6 0.503392 1.98652 4
10.2 0.176213 5.67496 2
11.8 0.19584 5.1062 3
13.5 0.755088 1.32435 4
10.2 0.126534 7.90304 2
13.5 0.413499 2.41839 4
10.1 0.292456 3.41932 2
11.7 0.214957 4.65209 3
10.0 0.0667021 14.992 2
11.7 1.66667 0.6 3
13.4 0.200001 4.99998 4
11.7 0.308342 3.24316 3
11.6 0.310522 3.22038 3
11.6 0.269581 3.70946 3
11.6 0.357733 2.79538 3
13.3 0.878394 1.13844 4
11.6 1.01911 0.981245 3
13.3 0.267343 3.74052 4
11.6 0.460758 2.17034 3
13.2 3.24998 0.307695 4
11.6 0.41942 2.38425 3
11.6 2.13705 0.467935 3
13.1 0.411103 2.43248 4
11.5 0.503389 1.98653 3
11.5 0.347767 2.87549 3
13.1 0.98779 1.01236 4
13.1 2.53254 0.394861 4
11.5 0.540163 1.85129 3
11.4 1.80926 0.552712 3
11.4 0.352375 2.83789 3
13.1 0.880417 1.13583 4
13.1 2.77285 0.360639 4
11.4 0.564729 1.77076 3
39.0 0.499992 2.00003 0
54.7 0.499997 2.00001 1
58.0 1.00001 0.999995 2
63.3 1.00001 0.999995 3
54.6 1.00001 0.999995 4
34.2 0.999984 1.00002 1
51.1 0.500003 1.99999 2
44.9 2.00001 0.499997 3
48.9 2.00001 0.499997 4
25.0 0.200001 4.99997 0
41.7 0.500003 1.99999 3
39.9 3 0.333333 4
23.5 0.249999 4.00002 0
24.4 0.25 4 1
30.3 1.5 0.666667 2
32.1 1.49999 0.666672 3
34.9 3.99998 0.250001 4
19.7 0.142858 6.99996 0
23.5 0.333333 3.00001 1
26.8 1.99997 0.500008 2
32.8 0.500003 1.99999 4
18.6 0.881067 1.13499 0
21.3 0.200001 4.99997 1
24.8 0.333335 2.99998 2
26.6 3 0.333333 3
31.3 1.50001 0.666664 4
15.0 0.33333 3.00003 0
19.5 0.400002 2.49999 1
21.5 0.250001 3.99999 2
24.8 3.50002 0.285713 3
14.0 0.440993 2.26761 0
18.5 0.882003 1.13378 1
19.6 0.66667 1.49999 2
21.6 3.99994 0.250004 3
15.8 0.142857 6.99998 1
19.3 0.88202 1.13376 2
20.7 0.666668 1.5 3
25.6 3.49999 0.285715 4
12.5 0.166668 5.99997 0
18.2 0.2 4.99999 2
20.5 0.333334 2.99999 3
23.8 2.49998 0.400003 4
13.7 1.76213 0.567494 1
18.1 0.4 2.5 2
19.9 0.88202 1.13376 3
10.9 0.110222 9.07263 0
13.2 0.285714 3.5 1
16.9 0.881059 1.135 2
19.0 2.49997 0.400005 3
16.3 0.800004 1.24999 2
18.3 0.249999 4.00001 3
10.6 0.0906142 11.0358 0
12.6 0.440993 2.26761 1
16.2 1.76401 0.566891 2
17.5 1.33334 0.749996 3
10.2 0.022887 43.6929 0
16.9 0.4 2.5 3
19.5 0.666668 1.5 4
14.6 0.749994 1.33334 2
16.7 1.76404 0.566881 3
19.3 1.76404 0.566881 4
16.4 0.800001 1.25 3
18.8 1.33334 0.749999 4
15.9 0.2 4.99999 3
11.5 0.294007 3.40128 1
15.8 0.881067 1.13499 3
18.6 0.882014 1.13377 4
11.1 0.166667 5.99999 1
13.5 0.142858 6.99997 2
15.7 0.749997 1.33334 3
17.8 0.249999 4.00001 4
13.3 1.7621 0.567504 2
11.0 0.510249 1.95983 1
13.1 0.44101 2.26752 2
15.5 3.52801 0.283446 3
16.6 1.76188 0.567576 4
10.8 0.666661 1.50001 1
16.5 0.333334 2.99999 4
13.0 2.64303 0.378354 2
16.5 3.52808 0.28344 4
12.6 0.599998 1.66667 2
14.5 1.76189 0.567573 3
16.1 1.66667 0.6 4
10.6 0.293248 3.41008 1
10.6 0.267775 3.73447 1
13.8 2.64595 0.377936 3
15.9 0.881061 1.135 4
10.3 0.0608305 16.4391 1
15.8 2.64597 0.377934 4
10.3 0.176221 5.6747 1
12.4 0.571432 1.74999 2
15.4 0.800004 1.24999 4
12.2 0.285715 3.49999 2
10.1 2.00001 0.499997 1
12.0 0.440575 2.26976 2
13.6 2.64295 0.378364 3
15.3 0.749991 1.33335 4
10.1 0.116863 8.55705 1
12.0 3.52808 0.28344 2
10.1 0.220239 4.54052 1
13.6 0.600002 1.66666 3
15.1 0.800849 1.24867 4
10.1 0.0383654 26.0651 1
12.0 1.27596 0.783723 2
13.5 1.60001 0.624997 3
15.0 0.399999 2.50001 4
13.4 4.40529 0.227 3
14.9 2.33333 0.428572 4
11.7 1.32455 0.754974 2
13.2 1.32297 0.755873 3
13.1 0.251695 3.97306 3
14.7 1.6 0.624999 4
13.0 0.714286 1.4 3
14.7 4.40529 0.227 4
13.0 1.74999 0.571431 3
11.6 0.428572 2.33333 2
11.5 0.284164 3.51909 2
11.4 0.294005 3.40131 2
12.8 1.40001 0.714282 3
12.7 1.17603 0.850321 3
14.4 2.24997 0.44445 4
11.0 0.126272 7.91942 2
12.6 2.33332 0.428574 3
14.3 1.75 0.571428 4
10.9 0.252544 3.95971 2
14.3 2.64072 0.378684 4
10.9 0.0521996 19.1572 2
12.4 0.142858 6.99998 3
10.8 0.120662 8.28763 2
12.4 1.64422 0.608191 3
10.7 0.151138 6.61645 2
12.3 0.571432 1.74999 3
10.7 0.779441 1.28297 2
12.3 0.570482 1.7529 3
14.0 0.969664 1.03129 4
13.9 0.755085 1.32435 4
13.9 0.603309 1.65752 4
10.5 0.293248 3.41009 2
12.2 0.252543 3.95971 3
10.5 0.0733641 13.6307 2
12.1 0.144088 6.94019 3
10.5 0.0995222 10.048 2
12.1 0.564728 1.77077 3
10.4 0.16482 6.06721 2
10.3 0.107575 9.29582 2
12.0 0.880395 1.13585 3
13.8 2.77285 0.360639 4
10.3 0.503392 1.98652 2
12.0 0.386428 2.5878 3
13.8 2.66666 0.375001 4
12.0 1.3167 0.759477 3
10.2 0.176899 5.65295 2
11.9 0.285715 3.49999 3
10.2 0.180713 5.53365 2
11.9 0.444918 2.2476 3
13.7 3.52378 0.283787 4
10.2 0.165948 6.026 2
10.2 0.220239 4.54053 2
13.6 0.48051 2.08112 4
10.2 0.540164 1.85129 2
11.8 1.2 0.833336 3
13.6 1.37162 0.729066 4
10.1 0.846311 1.1816 2
11.8 0.440573 2.26977 3
13.6 3.24998 0.307695 4
10.1 0.0667381 14.984 2
11.8 0.440998 2.26759 3
11.8 1.24345 0.804217 3
10.1 0.193214 5.17561 2
10.0 0.0901639 11.0909 2
13.4 0.687385 1.45479 4
10.0 0.246882 4.05052 2
13.4 0.503392 1.98652 4
11.7 0.19584 5.1062 3
13.4 0.420441 2.37846 4
11.7 0.881428 1.13452 3
13.4 1.0433 0.958494 4
11.7 3.52381 0.283784 3
13.3 0.584899 1.7097 4
11.6 0.252972 3.95301 3
13.3 1.25 0.799997 4
11.6 0.267778 3.73443 3
13.3 0.880387 1.13586 4
11.6 1.1453 0.873135 3
13.2 0.42857 2.33334 4
11.6 0.166168 6.01799 3
13.2 3.75 0.266667 4
11.4 0.551104 1.81454 3
13.2 0.723361 1.38244 4
11.4 3.08204 0.32446 3
13.1 0.600001 1.66666 4
11.4 2.77285 0.360639 3
13.1 0.441009 2.26753 4
13.1 1.46831 0.681057 4
13.1 2.53254 0.394861 4
11.4 0.347768 2.87548 3
11.3 0.293627 3.40568 3
13.1 1.16723 0.856726 4
11.3 0.411102 2.43249 3
11.2 0.177951 5.61952 3
35.6 0.499992 2.00003 0
52.6 0.499997 2.00001 1
53.6 0.999995 1.00001 2
66.2 1.00001 0.999995 3
58.1 1.00001 0.999995 4
30.5 0.250001 3.99998 0
31.7 0.999984 1.00002 1
50.6 0.5 2 2
45.0 2.00001 0.499997 3
50.0 2.00001 0.499997 4
42.3 0.500001 1.99999 3
40.7 3 0.333333 4
18.4 0.881034 1.13503 0
24.1 0.25 4 1
30.2 1.5 0.666667 2
30.8 1.49999 0.666672 3
35.3 4.00002 0.249999 4
13.8 0.199999 5.00002 0
22.4 0.333333 3.00001 1
25.6 0.333335 2.99998 2
32.9 0.500001 2 4
13.7 0.142857 7.00001 0
22.0 0.200001 4.99997 1
24.7 1.99997 0.500008 2
27.5 4.00002 0.249999 3
32.7 1.50001 0.666664 4
13.2 0.440993 2.26761 0
19.8 0.400002 2.49999 1
22.5 0.250001 3.99998 2
24.5 3.49995 0.285718 3
25.9 3.49999 0.285715 4
12.9 0.166668 5.99997 0
18.6 0.142857 6.99998 1
18.6 0.882028 1.13375 2
21.0 0.333334 2.99999 3
12.8 0.33333 3.00003 0
17.9 0.882003 1.13378 1
18.1 0.200001 4.99998 2
20.8 2.9999 0.333344 3
17.3 0.400002 2.49999 2
19.8 0.666668 1.5 3
13.4 1.76207 0.567515 1
17.1 0.881059 1.135 2
19.3 2.49997 0.400005 3
11.1 0.200184 4.99541 0
16.8 0.666665 1.5 2
19.1 0.88202 1.13376 3
22.9 2.49998 0.400003 4
10.9 0.111112 8.99995 0
16.4 0.800004 1.24999 2
18.6 0.25 3.99999 3
15.7 0.142857 6.99998 2
16.7 0.88094 1.13515 3
19.1 1.33334 0.749999 4
15.7 1.76401 0.566891 2
16.5 0.749997 1.33334 3
10.3 0.0823087 12.1494 0
16.4 0.2 4.99999 3
18.7 1.76188 0.567576 4
10.2 0.0284195 35.1871 0
11.9 0.440993 2.26761 1
15.9 1.76404 0.566881 3
18.5 1.76404 0.566881 4
10.1 0.0569281 17.566 0
15.8 0.400001 2.49999 3
18.0 0.333334 2.99999 4
11.8 0.166668 5.99997 1
13.7 2.64303 0.378354 2
15.8 0.714286 1.4 3
17.7 0.666669 1.49999 4
11.6 0.294007 3.40128 1
11.6 0.293248 3.41008 1
13.1 1.7621 0.567504 2
15.3 1.76189 0.567573 3
17.4 0.881053 1.13501 4
15.0 0.800001 1.25 3
16.9 0.882016 1.13377 4
12.8 0.749994 1.33334 2
14.9 3.52801 0.283446 3
10.9 0.285714 3.5 1
12.6 0.285715 3.49999 2
14.8 1.33333 0.750001 3
16.5 0.25 3.99999 4
10.5 0.205317 4.87052 1
14.4 0.142857 6.99999 3
10.4 0.510249 1.95983 1
14.3 2.64595 0.377936 3
16.1 2.64595 0.377936 4
16.0 0.2 4.99999 4
10.3 3.74703 0.266878 1
15.8 0.749997 1.33334 4
15.6 1.66667 0.6 4
10.0 0.0728262 13.7313 1
12.2 3.52808 0.28344 2
15.6 3.52808 0.28344 4
10.0 0.101854 9.81794 1
12.2 0.588013 1.70064 2
15.4 2.33333 0.428572 4
10.0 0.259806 3.84903 1
13.4 2.64295 0.378364 3
15.2 0.880641 1.13554 4
11.8 1.27596 0.783723 2
13.3 4.40529 0.227 3
11.8 0.44101 2.26752 2
15.2 0.400001 2.49999 4
15.2 0.714287 1.4 4
11.7 0.192298 5.20027 2
13.1 2.33335 0.428569 3
15.0 1.75001 0.571426 4
13.1 1.74999 0.571431 3
15.0 2.64312 0.378341 4
13.1 1.32297 0.755873 3
11.4 0.284165 3.51908 2
13.0 1.25 0.8 3
14.7 0.600002 1.66666 4
11.4 0.0747034 13.3863 2
12.9 0.428571 2.33333 3
11.3 0.440408 2.27062 2
14.6 4.40529 0.227 4
11.2 0.20971 4.76849 2
12.8 2.66668 0.374998 3
11.1 1.32455 0.754974 2
12.8 1.40001 0.714282 3
12.7 1.17603 0.850321 3
14.4 0.440298 2.27119 4
10.8 0.564729 1.77076 2
12.6 0.571432 1.74999 3
10.8 0.294006 3.40129 2
12.6 1.23331 0.810823 3
10.7 0.293248 3.41008 2
12.5 0.6 1.66667 3
14.3 1.23331 0.810823 4
14.3 0.800001 1.25 4
10.5 0.384851 2.59841 2
12.5 3.52381 0.283784 3
10.5 0.107174 9.33062 2
12.5 0.285715 3.49999 3
10.5 0.963644 1.03773 2
10.5 1.04331 0.958489 2
12.4 0.214348 4.66531 3
10.4 0.124285 8.04605 2
12.4 1.64422 0.608191 3
10.4 0.0521637 19.1704 2
10.4 0.148224 6.74656 2
14.0 2.24997 0.44445 4
10.4 0.159914 6.25336 2
10.3 0.155433 6.43365 2
13.9 1.20384 0.830678 4
10.3 0.503389 1.98653 2
12.2 2.13705 0.467935 3
13.9 1.12946 0.885383 4
10.3 0.166667 6 2
13.9 1.6 0.624999 4
10.3 0.220105 4.54329 2
10.2 0.252972 3.95301 2
12.1 0.540163 1.85129 3
13.8 2.66668 0.374998 4
10.2 0.319678 3.12815 2
10.2 0.341639 2.92707 2
12.1 1.2 0.833331 3
10.2 0.128997 7.75212 2
10.2 0.599998 1.66667 2
12.0 0.880235 1.13606 3
10.1 0.0782859 12.7737 2
12.0 1.66667 0.6 3
10.1 0.079957 12.5067 2
12.0 0.441009 2.26753 3
13.7 0.44101 2.26752 4
10.1 0.115284 8.67423 2
11.9 1.80926 0.552712 3
13.6 0.969664 1.03129 4
10.1 0.0673811 14.841 2
11.9 0.822131 1.21635 3
13.6 0.880452 1.13578 4
13.6 2.53254 0.394861 4
10.1 0.185874 5.37998 2
11.9 0.124559 8.02834 3
10.1 0.107604 9.29337 2
11.8 0.149081 6.70774 3
10.1 0.0797536 12.5386 2
13.5 0.777162 1.28673 4
10.1 0.300559 3.32713 2
11.8 0.588011 1.70065 3
10.0 0.425326 2.35114 2
11.7 0.252544 3.95971 3
11.7 0.41942 2.38425 3
10.0 0.162738 6.14483 2
11.6 0.251695 3.97306 3
13.3 0.98779 1.01236 4
13.3 0.503392 1.98652 4
11.6 0.564729 1.77076 3
13.2 0.977892 1.02261 4
11.6 0.528165 1.89335 3
11.6 0.347768 2.87548 3
13.2 0.428696 2.33265 4
11.5 0.316086 3.1637 3
13.1 1.37162 0.729066 4
13.1 1.25 0.800003 4
11.5 0.503389 1.98653 3
11.4 0.367839 2.71858 3
13.1 0.285715 3.49999 4
11.4 0.284166 3.51908 3
13.1 0.461676 2.16602 4
11.4 0.881404 1.13455 3
13.1 3.24998 0.307695 4
13.1 4.33331 0.23077 4
13.1 0.267778 3.73443 4
11.3 0.551106 1.81453 3
13.1 2.64059 0.378703 4
54.3 0.500003 1.99999 0
60.1 0.500003 1.99999 1
55.5 0.999995 1.00001 2
64.4 1 1 3
56.2 1 0.999997 4
30.7 0.250001 3.99998 0
34.2 0.999984 1.00002 1
51.6 0.5 2 2
43.9 1.99999 0.500003 3
49.8 2.00001 0.499997 4
25.2 0.200001 4.99997 0
41.8 0.500001 1.99999 3
40.6 3 0.333333 4
26.1 0.250001 3.99998 1
30.3 1.5 0.666667 2
32.9 1.5 0.666667 3
34.9 3.99998 0.250001 4
18.1 0.881067 1.13499 0
24.2 0.333333 3.00001 1
26.6 1.99997 0.500008 2
32.3 0.5 2 4
17.6 0.142857 7.00001 0
21.5 0.200001 4.99997 1
25.4 0.333335 2.99998 2
24.6 3.49995 0.285718 3
32.2 1.50001 0.666664 4
15.4 0.33333 3.00003 0
18.5 0.66667 1.49999 1
21.2 0.250001 3.99999 2
22.0 2.9999 0.333344 3
13.1 0.440993 2.26761 0
17.7 0.882003 1.13378 1
20.3 0.66667 1.49999 2
21.2 0.666668 1.5 3
17.0 0.142857 6.99998 1
19.2 0.88202 1.13376 2
21.1 3.99994 0.250004 3
25.7 3.49999 0.285715 4
15.2 0.399999 2.50001 1
18.8 0.4 2.5 2
20.6 0.333334 2.99999 3
24.2 2.49998 0.400003 4
11.1 0.020228 49.4364 0
15.0 0.285716 3.49998 1
18.4 0.75 1.33333 2
20.0 0.88202 1.13376 3
11.0 0.110222 9.07263 0
18.1 0.2 4.99999 2
19.4 2.49997 0.400005 3
10.9 0.166666 6.00001 0
13.3 1.76213 0.567494 1
17.2 0.881059 1.135 2
18.0 0.249999 4.00001 3
16.1 0.800004 1.24999 2
17.1 0.4 2.5 3
15.5 1.76401 0.566891 2
16.8 0.750003 1.33333 3
10.3 0.0731547 13.6697 0
12.4 0.294007 3.40128 1
16.8 0.2 4.99999 3
19.7 1.76404 0.566881 4
10.2 0.056928 17.5661 0
14.8 0.142857 6.99998 2
16.6 0.800001 1.25 3
19.7 0.666668 1.5 4
16.6 1.76404 0.566881 3
19.1 0.882016 1.13377 4
14.2 0.600002 1.66666 2
15.9 1.33333 0.750001 3
18.8 1.33334 0.749999 4
11.7 0.440993 2.26761 1
15.0 0.88094 1.13515 3
17.9 0.333332 3.00001 4
13.0 2.64303 0.378354 2
14.9 3.52801 0.283446 3
17.0 0.249999 4.00001 4
11.1 0.166667 5.99999 1
14.8 1.76189 0.567573 3
16.5 1.76188 0.567576 4
12.7 0.428572 2.33333 2
14.6 0.714286 1.4 3
16.4 3.52808 0.28344 4
12.6 1.7621 0.567504 2
16.3 1.66667 0.6 4
10.3 0.0405887 24.6374 1
12.5 0.44101 2.26752 2
13.8 2.64595 0.377936 3
10.2 0.0565479 17.6841 1
13.7 0.142857 6.99999 3
15.8 2.33333 0.428572 4
15.5 0.4 2.5 4
10.2 3.74703 0.266878 1
12.4 0.285715 3.49999 2
15.5 2.64597 0.377934 4
10.1 0.220289 4.53948 1
15.3 0.881046 1.13501 4
10.0 0.176221 5.6747 1
13.4 0.600002 1.66666 3
12.2 0.588013 1.70064 2
13.3 4.40529 0.227 3
15.2 0.750001 1.33333 4
12.2 3.52808 0.28344 2
12.1 0.252971 3.95302 2
13.1 1.74999 0.571431 3
14.8 0.800004 1.24999 4
11.9 1.27596 0.783723 2
14.6 4.40529 0.227 4
12.9 1.60001 0.624997 3
12.9 1.17603 0.850321 3
12.9 2.64299 0.378359 3
14.5 1.75 0.571428 4
11.6 0.151138 6.61645 2
11.4 0.440575 2.26976 2
12.7 2.33332 0.428574 3
12.7 0.441008 2.26753 3
14.4 2.24997 0.44445 4
12.7 1.32297 0.755873 3
11.0 1.32455 0.754974 2
14.3 1.6 0.624999 4
12.5 1.4 0.714287 3
11.0 0.293248 3.41009 2
12.5 1.64422 0.608191 3
10.9 0.17202 5.81328 2
12.5 0.251695 3.97306 3
10.9 0.963644 1.03773 2
14.1 2.64303 0.378354 4
10.5 0.29359 3.40611 2
10.5 0.295096 3.38873 2
14.0 0.714286 1.4 4
10.5 0.136902 7.30448 2
12.3 0.285714 3.5 3
14.0 1.37162 0.729066 4
10.4 0.192297 5.20029 2
10.3 0.0679935 14.7073 2
12.2 0.302277 3.30823 3
13.9 0.48051 2.08112 4
10.3 0.0842601 11.868 2
13.9 2.20079 0.454382 4
10.2 0.162589 6.15048 2
13.9 2.66666 0.375001 4
10.2 0.661436 1.51186 2
12.1 0.386428 2.5878 3
10.2 0.535551 1.86724 2
13.8 0.2 5 4
10.2 0.130851 7.64226 2
12.1 0.880407 1.13584 3
10.2 0.180713 5.53365 2
12.0 0.164841 6.06647 3
10.2 0.571428 1.75 2
12.0 0.570482 1.7529 3
13.8 0.881428 1.13452 4
10.2 0.223243 4.47942 2
12.0 3.52381 0.283784 3
13.8 1.46831 0.681057 4
10.1 0.176899 5.65295 2
12.0 0.347768 2.87548 3
13.7 0.600002 1.66666 4
10.1 0.0487681 20.5052 2
11.9 0.267778 3.73443 3
10.1 1.0205 0.979913 2
11.9 0.551106 1.81453 3
13.7 1.25 0.8 4
10.1 0.168208 5.94503 2
11.9 0.881428 1.13452 3
11.9 0.860231 1.16248 3
13.7 0.441008 2.26753 4
13.7 3.24998 0.307695 4
10.0 0.0566249 17.6601 2
10.0 0.16292 6.13797 2
13.6 0.969664 1.03129 4
10.0 0.0747033 13.3863 2
11.7 0.972849 1.02791 3
13.6 0.800849 1.24867 4
11.6 0.685809 1.45813 3
13.5 1.17604 0.850311 4
11.6 0.692409 1.44423 3
13.5 0.570484 1.7529 4
11.6 1.2 0.833336 3
11.6 0.602432 1.65994 3
13.5 2.53254 0.394861 4
11.5 0.252543 3.95971 3
13.4 0.267778 3.73444 4
11.5 2.13705 0.467935 3
13.4 1.1647 0.858589 4
11.5 0.444918 2.2476 3
11.5 0.623614 1.60356 3
13.3 1.0433 0.958494 4
11.5 2.64059 0.378703 3
13.3 0.329418 3.03566 4
11.5 0.42857 2.33334 3
13.2 3.88325 0.257516 4
13.2 0.880151 1.13617 4
13.2 1.2 0.833331 4
11.4 0.22269 4.49055 3
11.4 0.564728 1.77077 3
13.2 0.42857 2.33334 4
11.3 0.845585 1.18261 3
11.3 0.214348 4.66531 3
11.3 0.659702 1.51584 3
11.3 0.298211 3.35333 3
13.1 1.20384 0.830678 4
11.3 0.495538 2.01801 3
13.1 1.1652 0.858224 4
35.7 0.499992 2.00003 0
52.5 0.499997 2.00001 1
59.1 1.00001 0.999995 2
65.7 1.00001 0.999995 3
57.4 1.00001 0.999995 4
30.2 0.250001 3.99998 0
32.2 0.999984 1.00002 1
50.5 0.5 2 2
45.5 2.00001 0.499997 3
49.8 2.00001 0.499997 4
41.4 0.500001 1.99999 3
40.4 3 0.333333 4
23.5 0.333335 2.99998 0
26.9 0.250001 3.99998 1
30.2 1.5 0.666667 2
31.2 1.49999 0.666672 3
35.4 4.00002 0.249999 4
22.4 0.142858 6.99996 0
22.7 0.333333 3.00001 1
25.3 1.99997 0.500008 2
33.4 0.500003 1.99999 4
17.4 0.881067 1.13499 0
20.0 0.2 4.99999 1
25.1 0.333334 2.99999 2
24.5 3.49995 0.285718 3
30.7 1.49999 0.666669 4
19.0 0.400002 2.49999 1
20.8 0.250001 3.99999 2
21.2 2.9999 0.333344 3
26.5 3.49999 0.285715 4
13.2 0.199999 5.00002 0
17.4 0.142857 6.99998 1
20.2 0.66667 1.49999 2
21.1 0.333334 2.99999 3
17.3 0.881051 1.13501 1
18.3 0.882028 1.13375 2
20.3 3.99994 0.250004 3
11.9 0.0537064 18.6197 0
18.2 0.75 1.33333 2
20.2 0.666668 1.5 3
17.2 0.881059 1.135 2
19.9 0.88202 1.13376 3
11.2 0.0331333 30.1811 0
13.0 1.76213 0.567494 1
17.1 0.4 2.5 2
18.9 2.49997 0.400005 3
22.9 2.49998 0.400003 4
11.1 0.200184 4.99541 0
16.6 0.200001 4.99998 2
17.9 0.250001 3.99998 3
10.7 0.111112 8.99995 0
12.3 0.166668 5.99997 1
15.2 1.76401 0.566891 2
17.8 1.33334 0.749996 3
10.6 0.0487686 20.505 0
14.8 0.142857 6.99998 2
16.8 0.749997 1.33334 3
19.2 1.33334 0.749999 4
10.3 0.0823087 12.1494 0
12.0 0.294007 3.40128 1
16.3 0.881051 1.13501 3
18.9 1.76404 0.566881 4
10.1 0.0569281 17.566 0
11.2 0.293248 3.41008 1
15.8 0.714286 1.4 3
18.2 0.666668 1.5 4
13.6 0.600002 1.66666 2
15.7 1.76404 0.566881 3
18.2 0.333334 2.99999 4
13.5 0.285716 3.49998 2
15.6 0.200001 4.99998 3
18.2 0.882018 1.13376 4
15.5 0.4 2.5 3
17.9 1.76188 0.567576 4
10.9 0.200183 4.99543 1
13.3 1.7621 0.567504 2
10.8 0.285714 3.5 1
13.2 2.64303 0.378354 2
17.4 0.881049 1.13501 4
14.9 1.76189 0.567573 3
17.0 0.749997 1.33334 4
10.5 0.510249 1.95983 1
14.8 3.52801 0.283446 3
17.0 1.66667 0.599997 4
10.3 0.219219 4.56164 1
10.3 0.0550226 18.1744 1
12.3 0.588013 1.70064 2
14.3 2.64595 0.377936 3
16.5 0.25 4 4
10.2 2.00001 0.499997 1
14.3 0.800001 1.25 3
16.4 2.64595 0.377936 4
10.2 0.440333 2.27101 1
14.1 0.600002 1.66666 3
16.1 2.33333 0.428572 4
15.5 3.52808 0.28344 4
10.1 0.0755615 13.2343 1
11.9 1.27596 0.783723 2
13.9 2.33335 0.428569 3
15.3 0.714286 1.4 4
10.1 0.0841813 11.8791 1
11.9 3.52808 0.28344 2
13.7 0.142857 6.99998 3
15.2 2.64312 0.378341 4
10.1 0.0677217 14.7663 1
11.8 0.44101 2.26752 2
13.4 1.74999 0.571431 3
15.1 1.75 0.571428 4
11.6 0.82211 1.21638 2
13.0 0.187133 5.34379 3
13.0 2.64299 0.378359 3
14.7 0.400002 2.49999 4
11.5 0.294006 3.40129 2
13.0 0.185875 5.37997 3
14.6 2.25 0.444444 4
12.9 1.32297 0.755873 3
11.5 0.440408 2.27062 2
12.9 4.40488 0.227021 3
14.5 1.37162 0.729066 4
11.1 1.32455 0.754974 2
11.0 0.564729 1.77076 2
11.0 0.0935665 10.6876 2
12.7 1.64422 0.608191 3
14.2 2.66668 0.374998 4
10.9 0.142895 6.99816 2
12.7 1.25 0.8 3
12.7 0.428571 2.33333 3
14.2 1.20384 0.830678 4
10.8 0.20971 4.76849 2
10.7 0.319678 3.12815 2
12.6 1.01911 0.981245 3
12.5 1.4 0.714287 3
14.1 3.52378 0.283787 4
10.6 0.111112 8.99996 2
12.4 3.52381 0.283784 3
10.5 1.04331 0.958489 2
10.5 0.90393 1.10628 2
12.3 0.273805 3.65223 3
10.5 0.384851 2.59841 2
12.3 1.17603 0.850321 3
14.0 1.2 0.833331 4
12.3 0.881404 1.13455 3
13.9 2.53254 0.394861 4
12.3 0.571432 1.74999 3
13.9 0.969664 1.03129 4
10.4 0.220288 4.53952 2
10.4 0.185425 5.39301 2
12.3 0.588011 1.70065 3
13.9 0.600002 1.66666 4
10.4 0.114212 8.75568 2
12.1 0.880153 1.13617 3
12.1 0.441009 2.26753 3
13.8 1.6 0.624999 4
13.8 1.23331 0.810823 4
10.3 0.799997 1.25 2
12.0 1.23331 0.810823 3
13.8 0.347768 2.87548 4
10.3 0.081365 12.2903 2
12.0 0.300759 3.32492 3
10.3 0.284165 3.51908 2
12.0 2.13705 0.467935 3
10.3 0.203219 4.9208 2
10.2 0.136902 7.30448 2
13.6 0.800001 1.25 4
10.2 0.267773 3.73451 2
11.9 0.137388 7.27868 3
13.6 0.623615 1.60355 4
10.2 0.0543303 18.4059 2
11.9 0.252544 3.95971 3
10.1 0.166667 6 2
11.9 0.126272 7.91942 3
13.5 4.40524 0.227002 4
10.1 0.252971 3.95302 2
10.1 0.410634 2.43526 2
10.1 0.293316 3.4093 2
11.8 0.110232 9.07176 3
13.4 0.977892 1.02261 4
10.1 0.341639 2.92707 2
13.4 0.561254 1.78173 4
10.0 0.140913 7.09658 2
11.8 1.14286 0.874995 3
10.0 0.0724619 13.8004 2
11.8 0.685811 1.45813 3
13.4 0.881426 1.13453 4
11.8 0.285715 3.49999 3
13.4 1.12946 0.885383 4
10.0 0.120887 8.27217 2
11.8 0.258847 3.86328 3
10.0 0.150237 6.65617 2
11.7 0.551106 1.81453 3
11.7 0.191415 5.22426 3
11.6 2.83734 0.352443 3
13.3 1.3449 0.743551 4
11.6 0.310617 3.2194 3
13.2 2.77285 0.360639 4
11.5 2.64059 0.378703 3
13.2 0.349458 2.86158 4
11.5 0.523697 1.9095 3
13.2 0.647606 1.54415 4
11.5 0.353958 2.8252 3
13.1 1.25 0.800003 4
13.1 0.51901 1.92675 4
13.1 0.330663 3.02423 4
13.1 0.777162 1.28673 4
13.1 4.33331 0.23077 4
11.4 0.28579 3.49908 3
13.1 1.64426 0.608175 4
11.4 0.550891 1.81524 3
13.1 0.64369 1.55354 4
39.0 0.499992 2.00003 0
55.3 0.499997 2.00001 1
59.2 1.00001 0.999995 2
64.2 1 1 3
55.8 1.00001 0.999995 4
34.7 0.999984 1.00002 1
51.6 0.5 2 2
46.1 2.00001 0.499997 3
50.1 2.00001 0.499997 4
24.7 0.200001 4.99997 0
41.4 0.500003 1.99999 3
37.4 2.99998 0.333336 4
23.7 0.249999 4.00002 0
26.0 0.250001 3.99998 1
30.4 1.5 0.666667 2
32.4 1.49999 0.666672 3
35.4 4.00002 0.249999 4
23.2 0.333335 2.99998 0
24.3 0.333333 3.00001 1
27.3 1.99997 0.500008 2
33.0 0.500002 1.99999 4
17.6 0.881067 1.13499 0
21.5 0.2 4.99999 1
25.6 0.333334 2.99999 2
28.0 4.00002 0.249999 3
32.6 1.50001 0.666664 4
17.4 0.142857 7.00001 0
19.2 0.400002 2.49999 1
20.4 0.250001 3.99999 2
27.3 3 0.333333 3
26.7 3.49999 0.285715 4
19.0 0.66667 1.49999 1
19.1 0.666665 1.5 2
24.7 3.49995 0.285718 3
17.0 0.882003 1.13378 1
19.0 0.4 2.5 2
21.5 0.666668 1.5 3
11.3 0.110222 9.07263 0
16.6 0.142857 6.99998 1
18.8 0.88202 1.13376 2
20.6 0.333334 2.99999 3
24.0 2.49998 0.400003 4
17.5 0.881059 1.135 2
20.6 0.882016 1.13377 3
11.1 0.166666 6.00001 0
13.4 0.285714 3.5 1
16.8 0.2 4.99999 2
19.0 2.49997 0.400005 3
10.9 0.0459693 21.7537 0
13.3 1.76213 0.567494 1
15.0 1.76401 0.566891 2
18.4 0.250001 3.99998 3
10.6 0.0331332 30.1812 0
14.8 0.749994 1.33334 2
17.1 0.750003 1.33333 3
10.4 0.0552344 18.1047 0
12.7 0.294007 3.40128 1
16.9 0.400002 2.49999 3
20.1 0.882016 1.13377 4
10.3 0.294007 3.40128 0
16.4 1.33333 0.750001 3
19.9 1.76404 0.566881 4
10.2 0.0765451 13.0642 0
14.4 0.142857 6.99998 2
16.3 1.76404 0.566881 3
19.7 0.666668 1.5 4
16.1 0.800001 1.25 3
11.7 0.166667 5.99999 1
18.7 1.33334 0.749999 4
15.5 0.881059 1.135 3
12.9 1.7621 0.567504 2
15.4 0.2 4.99999 3
18.3 0.333334 2.99999 4
16.6 2.33333 0.428572 4
11.0 0.0755614 13.2343 1
12.9 0.799997 1.25 2
10.7 0.510249 1.95983 1
14.9 3.52801 0.283446 3
16.5 0.249999 4.00001 4
12.5 2.64303 0.378354 2
14.7 0.714286 1.4 3
16.3 1.76188 0.567576 4
10.5 0.177816 5.6238 1
12.4 0.252971 3.95302 2
16.2 3.52808 0.28344 4
10.5 0.0556541 17.9681 1
12.2 0.441008 2.26753 2
14.4 1.76189 0.567573 3
15.9 1.66667 0.6 4
12.2 0.599998 1.66667 2
13.9 2.64595 0.377936 3
15.7 0.400001 2.49999 4
10.2 0.220239 4.54052 1
12.2 0.142895 6.99817 2
15.7 0.750001 1.33333 4
10.1 0.440989 2.26763 1
12.2 0.588013 1.70064 2
13.7 1.74999 0.571431 3
15.6 0.881046 1.13501 4
10.1 0.293248 3.41008 1
13.5 2.33332 0.428574 3
15.4 2.64595 0.377936 4
10.1 0.15309 6.5321 1
12.1 0.285715 3.49999 2
15.2 1.37162 0.729066 4
10.1 0.121015 8.26345 1
13.4 1.25 0.8 3
10.0 0.0445521 22.4456 1
15.0 1.75 0.571428 4
11.8 0.82211 1.21638 2
13.2 0.600002 1.66666 3
13.1 0.142857 6.99998 3
12.8 0.571432 1.74999 3
14.6 2.25 0.444444 4
11.4 4.27106 0.234134 2
12.8 1.64422 0.608191 3
11.3 0.294005 3.40131 2
14.5 0.714286 1.4 4
11.2 0.0935663 10.6876 2
12.7 1.4 0.714287 3
11.0 3.52427 0.283747 2
12.7 0.441008 2.26753 3
11.0 0.136902 7.30449 2
14.2 1.6 0.624999 4
10.9 1.32297 0.755873 2
12.5 2.64295 0.378364 3
10.9 0.111111 8.99997 2
12.5 1.32297 0.755873 3
14.2 0.800004 1.24999 4
10.8 0.0948426 10.5438 2
12.5 1.17603 0.850321 3
10.7 0.162738 6.14484 2
14.1 2.20079 0.454382 4
12.4 4.40488 0.227021 3
14.1 0.881428 1.13452 4
10.7 0.779441 1.28297 2
12.3 0.551106 1.81453 3
10.6 0.440478 2.27026 2
10.6 0.42857 2.33334 2
12.2 0.285714 3.5 3
14.0 2.66666 0.375001 4
10.6 0.293316 3.4093 2
12.2 0.880419 1.13582 3
14.0 0.441008 2.26753 4
12.2 0.623614 1.60356 3
12.2 0.685809 1.45813 3
14.0 2.64319 0.37833 4
10.4 0.105856 9.44676 2
10.4 0.661436 1.51186 2
12.1 1.59999 0.625002 3
10.4 0.535551 1.86724 2
12.0 0.293315 3.4093 3
12.0 0.845585 1.18261 3
13.9 3.52378 0.283787 4
12.0 0.241377 4.14289 3
13.8 1.25 0.8 4
10.3 0.270081 3.70259 2
12.0 0.428571 2.33333 3
13.8 2.77285 0.360639 4
10.3 0.293248 3.41009 2
12.0 0.881404 1.13455 3
13.8 3.75 0.266667 4
10.3 0.571428 1.75 2
10.3 1.33332 0.750007 2
11.9 0.115949 8.62447 3
13.7 0.647606 1.54415 4
10.2 0.137715 7.26139 2
10.2 1.08538 0.921337 2
11.9 3.52381 0.283784 3
13.7 2.53254 0.394861 4
10.2 0.250467 3.99255 2
13.6 4.40529 0.227 4
10.1 0.0625514 15.9869 2
11.9 2.77285 0.360639 3
13.6 0.880638 1.13554 4
10.1 0.673125 1.48561 2
11.9 2.64059 0.378703 3
13.5 0.969664 1.03129 4
10.1 0.126419 7.91019 2
13.5 0.617369 1.61978 4
11.8 0.314829 3.17632 3
13.5 1.2 0.833331 4
10.0 0.0537063 18.6198 2
11.8 0.252543 3.95971 3
13.5 0.294729 3.39294 4
11.8 0.550891 1.81524 3
13.5 2.86227 0.349372 4
11.7 0.233742 4.27822 3
13.4 1.1652 0.858224 4
11.7 0.527237 1.89668 3
13.4 0.570484 1.7529 4
13.4 0.462446 2.16241 4
11.6 0.353957 2.8252 3
13.4 0.623614 1.60356 4
11.6 0.147379 6.78524 3
11.6 0.588059 1.70051 3
11.6 1.2 0.833331 3
13.3 1.38636 0.721313 4
11.5 0.142894 6.99817 3
13.3 0.396842 2.51989 4
11.5 1.12946 0.88538 3
11.4 0.285789 3.49909 3
13.3 4.33331 0.23077 4
11.4 2.13705 0.467935 3
13.3 0.600002 1.66666 4
13.3 0.662887 1.50855 4
11.4 0.222223 4.49999 3
13.3 1.30386 0.766955 4
11.4 0.376497 2.65607 3
11.4 1.1453 0.873135 3
13.3 0.505773 1.97717 4
35.3 0.499992 2.00003 0
52.6 0.499997 2.00001 1
59.1 1.00001 0.999995 2
63.9 1 1 3
56.9 1.00001 0.999995 4
31.9 0.999984 1.00002 1
51.9 0.500003 1.99999 2
42.0 1.99999 0.500003 3
49.1 2.00001 0.499997 4
23.7 0.333335 2.99998 0
41.0 0.500001 1.99999 3
35.9 2.99998 0.333336 4
21.9 0.142858 6.99996 0
25.9 0.250001 3.99998 1
30.2 1.5 0.666667 2
32.7 1.5 0.666667 3
35.2 4.00002 0.249999 4
20.0 0.249999 4.00002 0
22.8 0.333333 3.00001 1
26.3 0.333335 2.99998 2
34.1 0.500003 1.99999 4
18.0 0.881034 1.13503 0
21.2 0.2 4.99999 1
24.7 1.99997 0.500008 2
27.2 4.00002 0.249999 3
30.5 1.5 0.666667 4
13.9 0.199999 5.00002 0
17.1 0.142857 6.99998 1
21.7 0.250001 3.99998 2
26.7 3 0.333333 3
27.0 3.49999 0.285715 4
17.0 0.881051 1.13501 1
19.7 0.66667 1.49999 2
24.8 3.49995 0.285718 3
12.9 0.166668 5.99997 0
18.3 0.4 2.5 2
21.1 0.333334 2.99999 3
12.7 0.0537064 18.6197 0
13.2 1.76207 0.567515 1
18.1 0.88202 1.13376 2
20.7 0.66667 1.49999 3
17.7 0.75 1.33333 2
19.2 0.88202 1.13376 3
10.8 0.200184 4.99541 0
17.3 0.881059 1.135 2
19.1 2.49997 0.400005 3
22.7 2.49998 0.400003 4
10.7 0.294007 3.40128 0
16.6 0.2 4.99999 2
17.9 0.250001 3.99998 3
10.4 0.111112 8.99995 0
12.5 0.294008 3.40126 1
16.1 0.800004 1.24999 2
16.1 0.749997 1.33334 3
20.2 0.333335 2.99999 4
10.3 0.04804 20.816 0
16.0 1.33334 0.749996 2
15.9 0.4 2.5 3
19.0 1.33334 0.749999 4
11.7 0.166667 5.99999 1
14.6 0.142857 6.99998 2
15.6 1.33333 0.750001 3
18.3 0.666669 1.49999 4
10.1 0.0305498 32.7334 0
11.5 0.11566 8.64607 1
14.3 1.76401 0.566891 2
15.6 1.76404 0.566881 3
18.1 1.76404 0.566881 4
10.0 0.102823 9.72548 0
11.4 0.285714 3.5 1
15.5 0.881051 1.13501 3
18.0 0.882018 1.13376 4
10.0 0.0487686 20.505 0
11.2 0.399999 2.50001 1
14.0 0.428572 2.33333 2
15.4 0.714286 1.4 3
17.3 1.76188 0.567576 4
10.0 0.0749339 13.3451 0
13.6 2.64303 0.378354 2
15.3 0.800001 1.25 3
16.8 0.881049 1.13501 4
10.6 0.44041 2.27061 1
15.1 1.76189 0.567573 3
16.6 0.749997 1.33334 4
10.6 0.425328 2.35113 1
12.8 1.7619 0.567568 2
14.3 3.52801 0.283446 3
16.2 0.250001 3.99998 4
10.4 0.0588989 16.9782 1
12.6 0.285716 3.49998 2
16.2 1.66667 0.599997 4
10.4 0.0550829 18.1545 1
13.8 0.142858 6.99998 3
16.0 2.33333 0.428572 4
10.3 0.153091 6.53208 1
13.7 4.40488 0.227021 3
10.3 3.74703 0.266878 1
13.7 1.74999 0.571431 3
15.6 3.52808 0.28344 4
10.3 0.510249 1.95983 1
13.7 0.600002 1.66666 3
15.5 2.64595 0.377936 4
13.6 0.2 5.00001 3
10.2 0.102183 9.7864 1
13.6 2.33335 0.428569 3
10.1 0.0537063 18.6198 1
13.5 2.66668 0.374998 3
10.1 0.0753957 13.2634 1
10.1 0.293248 3.41008 1
11.9 3.52808 0.28344 2
13.5 0.428572 2.33333 3
10.0 0.0316755 31.5702 1
13.3 0.881404 1.13455 3
10.0 0.205317 4.87052 1
11.5 0.166667 5.99998 2
14.9 0.399999 2.50001 4
10.0 0.0508672 19.659 1
13.2 2.64595 0.377936 3
14.9 2.64312 0.378341 4
13.1 2.64295 0.378364 3
14.8 2.25 0.444444 4
14.8 0.714286 1.4 4
13.0 1.4 0.714287 3
11.3 0.588013 1.70064 2
14.6 1.75 0.571428 4
11.3 0.294006 3.40129 2
11.2 0.400366 2.49771 2
11.0 0.44101 2.26752 2
10.9 0.880395 1.13585 2
12.7 1.32297 0.755873 3
14.4 0.969664 1.03129 4
10.9 1.32297 0.755873 2
12.7 3.52381 0.283784 3
10.9 0.126419 7.91019 2
14.3 0.400366 2.49771 4
12.6 1.25 0.8 3
10.8 0.564729 1.77076 2
10.7 0.197045 5.07498 2
12.5 1.23331 0.810823 3
12.5 0.252543 3.95971 3
14.1 1.23331 0.810823 4
10.6 0.661436 1.51186 2
14.1 2.53254 0.394861 4
10.6 0.599998 1.66667 2
14.0 4.40493 0.227018 4
10.6 0.142895 6.99816 2
14.0 1.6 0.624999 4
10.5 0.90393 1.10628 2
14.0 2.66668 0.374998 4
10.5 0.284164 3.51909 2
12.3 1.64422 0.608191 3
14.0 1.37162 0.729066 4
10.4 0.0465086 21.5014 2
12.2 0.200183 4.99543 3
10.3 0.111112 8.99996 2
12.1 0.155464 6.43235 3
10.3 0.0925435 10.8057 2
12.1 2.13705 0.467935 3
10.3 0.125873 7.94451 2
12.0 0.143604 6.96361 3
13.8 1.7013 0.587784 4
10.2 0.219219 4.56165 2
13.8 0.800001 1.25 4
10.2 0.0679603 14.7145 2
10.2 0.252971 3.95302 2
10.2 0.203089 4.92395 2
11.9 0.588011 1.70065 3
10.1 0.150791 6.63168 2
11.9 1.3167 0.759477 3
13.5 0.977892 1.02261 4
10.1 1.04474 0.957178 2
13.5 3.75 0.266667 4
10.1 0.14409 6.94013 2
11.8 0.275445 3.63049 3
13.5 0.561254 1.78173 4
10.1 0.298982 3.34469 2
11.8 0.272463 3.67023 3
13.4 0.53622 1.86491 4
10.1 0.231319 4.32303 2
13.4 0.616938 1.62091 4
10.1 0.163231 6.12628 2
11.8 1.12945 0.885385 3
10.0 0.0978777 10.2168 2
10.0 0.205316 4.87053 2
11.7 0.685809 1.45813 3
13.3 1.64426 0.608175 4
10.0 0.118887 8.41132 2
10.0 0.67313 1.4856 2
10.0 0.384851 2.59841 2
10.0 0.347768 2.87548 2
11.6 0.285715 3.49999 3
13.3 0.782023 1.27873 4
10.0 0.114457 8.73693 2
11.6 0.165621 6.0379 3
13.2 1.23388 0.810453 4
10.0 0.134248 7.44889 2
11.6 0.28579 3.49908 3
11.6 0.880153 1.13617 3
13.1 0.390339 2.56188 4
11.5 0.758134 1.31903 3
13.1 0.347768 2.87548 4
11.5 0.205316 4.87053 3
13.1 1.58518 0.630844 4
11.5 0.346694 2.88439 3
13.1 0.600001 1.66666 4
11.5 1.80926 0.552712 3
11.4 0.551106 1.81453 3
11.4 0.616939 1.62091 3
13.0 0.570882 1.75167 4
11.4 0.293626 3.4057 3
13.0 3.24998 0.307695 4
11.4 0.400366 2.49771 3
13.0 0.880413 1.13583 4
11.4 0.203219 4.9208 3
13.0 0.996606 1.00341 4
11.4 0.441009 2.26753 3
38.7 0.499992 2.00003 0
55.3 0.499997 2.00001 1
55.8 0.999995 1.00001 2
63.7 1 1 3
54.7 1 1 4
34.4 0.999984 1.00002 1
51.4 0.500003 1.99999 2
45.5 2.00001 0.499997 3
49.5 2.00001 0.499997 4
23.9 0.249999 4.00002 0
41.6 0.5 2 3
40.2 3 0.333333 4
23.4 0.333335 2.99998 0
25.6 0.333335 2.99998 1
30.3 1.5 0.666667 2
32.6 1.49999 0.666672 3
35.3 4.00002 0.249999 4
19.9 0.142858 6.99996 0
25.2 0.250001 3.99998 1
26.6 1.99997 0.500008 2
33.4 0.500003 1.99999 4
18.4 0.199999 5.00002 0
23.1 0.2 4.99999 1
26.0 0.333334 2.99999 2
27.0 3 0.333333 3
32.0 1.50001 0.666664 4
17.7 0.881067 1.13499 0
20.1 0.400002 2.49999 1
20.8 0.250001 3.99999 2
25.0 3.50002 0.285713 3
27.3 3.49999 0.285715 4
16.5 0.881051 1.13501 1
20.0 0.4 2.5 2
21.4 0.66667 1.49999 3
26.7 2.5 0.4 4
12.3 0.0537063 18.6198 0
16.3 0.142857 6.99998 1
19.9 0.66667 1.49999 2
21.0 3.99994 0.250004 3
18.5 0.88202 1.13376 2
20.1 0.333335 2.99998 3
11.2 0.166666 6.00001 0
14.1 0.285714 3.5 1
17.6 0.2 5.00001 2
19.7 0.88202 1.13376 3
11.0 0.294007 3.40128 0
13.1 1.76213 0.567494 1
17.6 0.881059 1.135 2
19.7 0.250001 3.99998 3
10.9 0.110222 9.07263 0
15.9 0.800004 1.24999 2
19.3 2.49997 0.400005 3
10.3 0.0357742 27.9531 0
15.1 0.749994 1.33334 2
17.0 0.800001 1.25 3
19.6 0.882016 1.13377 4
16.7 0.4 2.5 3
19.3 1.76404 0.566881 4
12.5 0.166667 5.99999 1
14.7 0.600002 1.66666 2
16.5 0.75 1.33333 3
10.1 0.0264641 37.7871 0
16.5 1.33333 0.750001 3
19.1 1.33334 0.749996 4
10.0 0.0731547 13.6697 0
14.1 1.76401 0.566891 2
16.2 1.76404 0.566881 3
18.9 0.666669 1.49999 4
10.0 0.0377423 26.4954 0
12.0 0.294007 3.40128 1
13.7 0.142857 6.99998 2
18.7 0.333334 2.99999 4
10.0 1.00001 0.999995 0
11.2 0.666661 1.50001 1
15.5 0.881055 1.135 3
13.0 2.64303 0.378354 2
14.8 1.76189 0.567573 3
16.6 2.33333 0.428572 4
10.8 0.0399464 25.0335 1
14.5 0.2 5.00001 3
16.4 3.52808 0.28344 4
10.6 0.510249 1.95983 1
10.6 0.146545 6.82386 1
12.5 1.7619 0.567568 2
14.4 0.714286 1.4 3
16.3 0.750001 1.33333 4
14.3 3.52801 0.283446 3
16.2 1.66667 0.599997 4
10.4 0.115659 8.64609 1
14.2 1.74999 0.571431 3
16.0 0.400002 2.49999 4
10.4 0.0537063 18.6198 1
13.9 0.6 1.66667 3
15.8 0.250001 3.99998 4
10.4 0.0467832 21.3752 1
12.2 0.285716 3.49998 2
15.6 1.76188 0.567576 4
10.2 0.221693 4.51074 1
15.2 2.24997 0.44445 4
10.2 3.74703 0.266878 1
13.5 2.33335 0.428569 3
15.2 0.881046 1.13501 4
10.2 0.0715484 13.9765 1
13.4 1.25 0.8 3
13.3 1.40001 0.714282 3
10.1 0.219218 4.56166 1
11.8 3.52808 0.28344 2
10.1 0.440989 2.26763 1
11.8 0.880395 1.13585 2
13.2 4.40488 0.227021 3
11.8 0.252971 3.95302 2
13.2 0.881404 1.13455 3
15.0 2.64597 0.377934 4
14.9 1.75 0.571428 4
14.9 1.6 0.624999 4
14.7 1.37162 0.729066 4
11.3 0.142895 6.99817 2
12.8 0.428571 2.33333 3
12.8 2.64295 0.378364 3
11.1 0.588013 1.70064 2
11.0 0.441008 2.26753 2
12.8 0.356625 2.80406 3
11.0 0.661436 1.51186 2
12.8 2.64595 0.377936 3
11.0 0.0832982 12.0051 2
10.9 0.12907 7.74771 2
12.6 0.110224 9.07247 3
10.8 0.217686 4.59377 2
14.2 0.400365 2.49772 4
10.8 0.425322 2.35116 2
10.7 0.126419 7.91019 2
14.1 2.64303 0.378354 4
10.7 0.142448 7.02012 2
12.4 0.588059 1.70051 3
14.1 2.66666 0.375001 4
10.7 0.105856 9.44676 2
12.4 0.142857 7.00001 3
10.7 0.294005 3.40131 2
14.0 4.40529 0.227 4
12.3 1.64422 0.608191 3
14.0 0.969664 1.03129 4
10.5 0.146545 6.82383 2
10.5 0.0702324 14.2384 2
12.3 3.52381 0.283784 3
13.9 2.53254 0.394861 4
10.5 1.33332 0.750007 2
12.2 1.32297 0.755873 3
10.5 0.571428 1.75 2
12.1 0.880419 1.13582 3
10.5 1.32297 0.755873 2
12.1 0.685809 1.45813 3
13.8 0.800004 1.24999 4
10.4 0.269582 3.70945 2
13.8 0.714286 1.4 4
10.4 0.284163 3.5191 2
12.0 1.59999 0.625002 3
13.7 2.20079 0.454382 4
10.3 0.166667 6 2
12.0 0.252543 3.95972 3
13.6 0.2 5.00001 4
10.3 0.200183 4.99543 2
13.6 1.2 0.833333 4
10.3 0.0818216 12.2217 2
13.6 0.647606 1.54415 4
10.3 0.673125 1.48561 2
11.9 1.01911 0.981245 3
10.3 0.163231 6.1263 2
13.6 0.505773 1.97717 4
10.3 0.0935663 10.6876 2
11.8 0.353957 2.8252 3
13.6 0.356247 2.80704 4
11.8 0.551106 1.81453 3
13.5 3.24998 0.307695 4
10.2 1.0205 0.979913 2
11.8 0.239268 4.17941 3
10.2 0.0738998 13.5318 2
11.8 0.845585 1.18261 3
10.2 0.124448 8.03549 2
11.8 0.441008 2.26753 3
13.5 0.473086 2.11378 4
10.2 0.113227 8.83182 2
11.8 0.233742 4.27822 3
10.1 0.440478 2.27026 2
13.4 0.6 1.66667 4
10.1 0.779441 1.28297 2
11.7 0.222223 4.49999 3
13.4 1.25 0.799997 4
10.1 0.117798 8.48911 2
13.4 2.86227 0.349372 4
10.1 0.42857 2.33334 2
11.7 0.113227 8.83181 3
13.4 1.46831 0.681057 4
11.7 0.144755 6.90822 3
13.3 2.64452 0.37814 4
11.6 0.188925 5.2931 3
11.6 1.19999 0.833341 3
13.3 0.881393 1.13457 4
13.3 0.357 2.80112 4
11.6 2.13705 0.467935 3
13.2 1.20109 0.832578 4
13.2 0.339681 2.94394 4
11.6 1.31669 0.759482 3
11.6 0.285789 3.49908 3
11.6 0.189685 5.27189 3
11.5 0.400366 2.49771 3
13.2 1.4 0.714287 4
11.5 0.158519 6.30837 3
11.5 0.220307 4.53913 3
13.1 3.88325 0.257516 4
11.4 1.17603 0.850321 3
11.4 0.623614 1.60356 3
13.1 2.41162 0.41466 4
13.1 0.433054 2.30918 4
35.6 0.499992 2.00003 0
52.2 0.499997 2.00001 1
58.8 1.00001 0.999995 2
62.4 1 1 3
55.1 1.00001 0.999995 4
30.1 0.250001 3.99998 0
32.0 0.999984 1.00002 1
49.3 0.5 2 2
44.7 2.00001 0.499997 3
47.5 2 0.5 4
41.2 0.500003 1.99999 3
34.6 4.00002 0.249999 4
24.1 0.200001 4.99997 0
24.9 0.333335 2.99998 1
29.8 1.5 0.666667 2
30.4 1.49999 0.666672 3
34.6 2.99998 0.333336 4
23.5 0.333335 2.99998 0
22.9 0.25 4 1
24.8 1.99997 0.500008 2
33.1 0.500003 1.99999 4
20.9 0.142858 6.99996 0
20.6 0.2 4.99999 1
24.3 0.333334 2.99999 2
26.6 3 0.333333 3
29.9 1.5 0.666667 4
17.6 0.881034 1.13503 0
17.0 0.881051 1.13501 1
21.3 0.250001 3.99999 2
25.0 3.49995 0.285718 3
26.8 3.49999 0.285715 4
16.0 0.142857 6.99998 1
19.5 0.66667 1.49999 2
20.7 2.5 0.4 3
14.5 0.285716 3.49998 1
18.1 0.88202 1.13376 2
20.5 0.333334 2.99999 3
11.8 0.0499214 20.0315 0
17.9 0.4 2.5 2
19.7 3.99994 0.250004 3
13.0 1.76207 0.567515 1
17.5 0.881059 1.135 2
19.5 0.666668 1.5 3
22.6 2.49998 0.400003 4
17.2 0.75 1.33333 2
19.3 0.88202 1.13376 3
10.5 0.294007 3.40128 0
17.1 0.2 5.00001 2
17.7 0.250001 3.99998 3
10.0 0.0439128 22.7724 0
15.8 1.76404 0.566881 3
15.0 1.33334 0.749996 2
18.9 1.33334 0.749999 4
11.2 0.294007 3.40128 1
15.0 0.142858 6.99996 2
18.4 0.333335 2.99999 4
11.2 0.11566 8.64607 1
15.4 0.4 2.5 3
18.3 0.666669 1.49999 4
14.1 1.76401 0.566891 2
15.4 0.881051 1.13501 3
11.0 0.425328 2.35113 1
17.8 0.882018 1.13376 4
10.9 0.049155 20.3438 1
15.3 0.800001 1.25 3
17.7 1.76404 0.566881 4
15.1 0.749997 1.33334 3
10.7 0.166667 5.99999 1
13.1 1.7621 0.567504 2
14.8 1.33333 0.750001 3
16.5 1.66667 0.599997 4
15.9 1.76188 0.567576 4
10.5 0.440333 2.27101 1
12.8 0.285716 3.49998 2
14.6 1.76189 0.567573 3
15.9 2.33333 0.428572 4
10.5 0.510249 1.95983 1
12.8 2.64303 0.378354 2
14.4 0.714286 1.4 3
10.3 0.153091 6.53208 1
15.8 0.399999 2.50001 4
15.7 0.749997 1.33334 4
10.2 0.0753957 13.2634 1
13.9 0.2 5.00001 3
15.7 0.881051 1.13501 4
13.8 3.52801 0.283446 3
15.5 2.64595 0.377936 4
10.2 0.107852 9.27199 1
13.7 1.74999 0.571431 3
15.3 3.52808 0.28344 4
10.2 0.0374664 26.6906 1
12.0 0.293632 3.40562 2
13.6 2.33335 0.428569 3
15.0 0.250001 3.99998 4
10.2 0.172546 5.79556 1
13.6 2.64595 0.377936 3
10.0 0.399999 2.50001 1
13.5 4.40488 0.227021 3
11.8 3.52808 0.28344 2
13.4 0.881404 1.13455 3
14.7 0.266009 3.75928 4
14.6 2.64312 0.378341 4
11.4 0.588017 1.70063 2
12.9 1.12946 0.88538 3
11.4 0.880403 1.13584 2
11.3 0.112882 8.8588 2
12.8 0.428572 2.33333 3
14.2 2.53254 0.394861 4
11.2 0.166667 5.99998 2
14.2 1.75 0.571428 4
12.7 0.142858 6.99996 3
14.2 4.40524 0.227002 4
11.1 0.161915 6.17609 2
12.7 0.6 1.66667 3
14.2 0.440332 2.27102 4
10.9 0.440408 2.27062 2
12.6 1.25 0.8 3
10.9 0.294006 3.40129 2
10.8 0.205316 4.87053 2
12.5 0.285715 3.49999 3
10.8 0.192189 5.2032 2
12.5 3.52381 0.283784 3
14.0 1.2 0.833331 4
12.5 2.64303 0.378354 3
10.8 0.0770504 12.9785 2
12.4 1.40001 0.714282 3
10.7 0.319678 3.12815 2
13.9 0.744961 1.34235 4
13.9 0.745478 1.34142 4
10.7 0.814558 1.22766 2
12.3 2.13705 0.467935 3
10.7 0.564729 1.77076 2
12.2 0.112882 8.85881 3
13.8 1.6 0.624999 4
10.7 0.298983 3.34467 2
12.1 0.296634 3.37116 3
10.6 0.425326 2.35114 2
12.0 1.64422 0.608191 3
13.7 0.800001 1.25 4
10.6 0.125319 7.97961 2
12.0 0.880403 1.13584 3
13.7 2.66668 0.374998 4
13.7 1.37162 0.729066 4
10.6 0.118874 8.41227 2
13.7 0.428573 2.33333 4
10.5 0.284164 3.51909 2
12.0 0.460077 2.17355 3
13.6 0.969664 1.03129 4
10.5 1.32297 0.755873 2
11.9 0.346694 2.88439 3
13.6 0.880413 1.13583 4
10.4 0.685811 1.45813 2
11.9 1.32297 0.755873 3
10.4 0.0990259 10.0984 2
11.9 0.130869 7.64125 3
10.4 0.0696381 14.36 2
10.4 0.146546 6.82381 2
10.3 0.256581 3.8974 2
10.3 0.231319 4.32303 2
11.8 0.294006 3.40129 3
10.3 0.138931 7.19781 2
11.7 0.535546 1.86725 3
10.3 0.162379 6.15845 2
11.7 0.156783 6.37823 3
13.4 0.809616 1.23515 4
13.4 3.25 0.307692 4
10.2 0.963644 1.03773 2
11.7 0.182819 5.4699 3
13.3 0.714286 1.4 4
10.2 0.346694 2.88439 2
11.7 2.77285 0.360639 3
10.2 0.130869 7.64125 2
13.3 1.85185 0.54 4
10.1 1.08538 0.921337 2
11.5 0.588011 1.70065 3
13.3 1.25 0.799997 4
10.1 1.04331 0.958489 2
13.3 2.24997 0.44445 4
10.1 0.511435 1.95528 2
10.0 0.799997 1.25 2
11.5 0.685809 1.45813 3
13.3 0.782023 1.27873 4
11.5 0.192189 5.20321 3
13.2 0.617369 1.61978 4
11.4 1.27595 0.783728 3
13.2 0.66114 1.51254 4
11.4 1.3167 0.759477 3
13.2 0.400366 2.49771 4
13.1 0.881395 1.13456 4
11.3 0.758134 1.31903 3
13.1 1.7013 0.587784 4
11.3 0.822128 1.21636 3
13.1 1.64424 0.608183 4
13.1 0.803868 1.24398 4
13.1 2.41162 0.41466 4
13.1 1.58518 0.630844 4
11.3 0.182914 5.46706 3
13.1 4.24143 0.23577 4
11.3 0.792589 1.26169 3
13.1 0.985193 1.01503 4
13.1 3.08239 0.324423 4
13.1 3.20002 0.312498 4
11.3 0.441009 2.26753 3
13.0 0.566379 1.7656 4
54.3 0.500003 1.99999 0
60.0 0.500003 1.99999 1
58.9 1.00001 0.999995 2
62.6 1 1 3
53.4 1 1 4
34.5 0.999984 1.00002 1
50.4 0.5 2 2
45.3 2.00001 0.499997 3
48.9 2.00001 0.499997 4
23.7 0.200001 4.99997 0
41.4 0.5 2 3
39.5 3 0.333333 4
23.3 0.249999 4.00002 0
24.8 0.333335 2.99998 1
29.9 1.5 0.666667 2
32.2 1.5 0.666667 3
34.6 4.00002 0.249999 4
23.2 0.333335 2.99998 0
24.4 0.25 4 1
26.7 1.99997 0.500008 2
32.4 0.499999 2 4
19.5 0.142858 6.99996 0
22.2 0.2 4.99999 1
25.3 0.333335 2.99998 2
26.9 3 0.333333 3
31.7 1.5 0.666667 4
17.3 0.881067 1.13499 0
16.3 0.881051 1.13501 1
21.3 0.250001 3.99999 2
25.1 3.49995 0.285718 3
27.2 3.49999 0.285715 4
15.7 0.142857 6.99998 1
19.4 0.4 2.5 2
21.9 0.66667 1.49999 3
27.1 2.5 0.4 4
15.6 0.881987 1.1338 1
18.3 0.88202 1.13376 2
21.0 3.99994 0.250004 3
11.9 0.166668 5.99997 0
18.0 0.666665 1.5 2
19.5 0.333335 2.99998 3
11.4 0.0499213 20.0315 0
13.8 0.399999 2.50001 1
17.8 0.881059 1.135 2
19.4 2.49997 0.400005 3
13.5 0.285714 3.5 1
16.8 0.2 5.00001 2
19.2 0.882016 1.13377 3
11.0 0.0576451 17.3475 0
18.5 0.250001 3.99998 3
10.8 0.294007 3.40128 0
12.8 1.76213 0.567494 1
14.9 0.800004 1.24999 2
16.9 0.800001 1.25 3
14.7 1.33334 0.749996 2
16.8 0.75 1.33333 3
19.2 0.882016 1.13377 4
16.4 0.4 2.5 3
18.9 1.33334 0.749996 4
12.1 0.166667 5.99999 1
14.3 0.142858 6.99997 2
16.2 1.33334 0.749996 3
14.1 0.600002 1.66666 2
16.1 1.76404 0.566881 3
18.5 0.666669 1.49999 4
11.6 0.294007 3.40128 1
14.1 0.749994 1.33334 2
18.2 1.76404 0.566881 4
13.9 1.76401 0.566891 2
15.6 0.881022 1.13505 3
17.2 0.333335 2.99998 4
10.9 0.666661 1.50001 1
10.7 0.4392 2.27687 1
16.5 0.750001 1.33333 4
14.4 1.74999 0.571431 3
16.4 2.33333 0.428572 4
10.6 0.221693 4.51074 1
12.7 1.7621 0.567504 2
14.3 1.76189 0.567573 3
16.2 0.400002 2.49999 4
10.6 0.0451979 22.1249 1
14.3 0.2 4.99999 3
15.9 3.52808 0.28344 4
10.4 0.0374663 26.6906 1
12.5 0.285716 3.49998 2
15.7 1.66667 0.6 4
10.4 0.0524866 19.0525 1
15.4 0.88103 1.13504 4
10.3 0.11529 8.67376 1
13.8 0.714286 1.4 3
15.1 0.250001 3.99998 4
10.3 0.293724 3.40456 1
13.7 3.52801 0.283446 3
12.1 2.64303 0.378354 2
13.6 0.6 1.66667 3
14.9 2.64597 0.377934 4
13.5 2.33335 0.428569 3
10.1 2.00001 0.499997 1
13.5 1.25 0.8 3
14.8 1.76211 0.567502 4
10.1 0.15309 6.5321 1
14.8 1.6 0.624999 4
10.0 0.0862728 11.5911 1
11.9 0.880395 1.13585 2
13.1 0.881404 1.13455 3
14.7 1.37162 0.729066 4
11.7 4.27106 0.234134 2
13.1 2.64595 0.377936 3
13.1 0.294005 3.4013 3
11.4 0.117952 8.47799 2
12.9 4.40488 0.227021 3
14.5 2.64307 0.378349 4
11.4 0.196085 5.09982 2
14.5 1.75 0.571428 4
11.3 0.425324 2.35115 2
11.3 0.230581 4.33688 2
14.3 4.40529 0.227 4
14.3 0.800001 1.25 4
12.5 1.66667 0.6 3
10.9 3.52414 0.283757 2
12.5 0.428571 2.33333 3
14.1 0.200001 4.99998 4
10.8 0.284163 3.5191 2
10.8 0.0929936 10.7534 2
12.4 1.40001 0.714282 3
14.1 2.53254 0.394861 4
10.7 0.0634255 15.7665 2
12.3 2.77285 0.360639 3
10.6 0.666938 1.49939 2
10.6 0.109662 9.11891 2
12.3 0.142858 6.99997 3
14.0 0.881393 1.13457 4
10.6 0.203482 4.91445 2
12.1 3.52381 0.283784 3
12.1 2.64295 0.378364 3
13.9 2.24997 0.44445 4
10.6 0.294006 3.40129 2
10.6 0.132835 7.52813 2
12.0 1.64422 0.608191 3
13.7 1.2 0.833333 4
10.5 0.441008 2.26753 2
13.7 2.20079 0.454382 4
10.5 0.0985856 10.1435 2
12.0 1.60001 0.624997 3
10.4 0.779441 1.28297 2
11.9 0.685809 1.45813 3
10.4 0.14667 6.81802 2
11.9 1.27595 0.783728 3
13.6 0.43532 2.29716 4
10.4 0.963644 1.03773 2
11.9 0.211742 4.72272 3
13.6 0.969661 1.03129 4
10.4 0.588013 1.70064 2
11.8 0.880419 1.13582 3
13.6 3.52378 0.283787 4
10.4 0.0827956 12.0779 2
10.3 0.106001 9.43385 2
10.3 0.564729 1.77076 2
11.8 1.12946 0.88538 3
11.8 0.550891 1.81524 3
10.3 0.31605 3.16405 2
13.4 2.41162 0.41466 4
10.3 1.08538 0.921337 2
11.7 0.285715 3.49999 3
10.3 0.166667 6 2
13.3 2.66668 0.374998 4
11.7 0.29359 3.40611 3
10.2 0.18085 5.52945 2
11.7 0.540163 1.85129 3
10.1 0.161915 6.1761 2
13.3 1.25 0.8 4
10.1 0.110223 9.07248 2
11.6 2.13705 0.467935 3
10.1 0.133897 7.4684 2
11.6 0.219324 4.55946 3
13.2 1.4 0.714287 4
10.1 0.0781084 12.8027 2
11.6 0.571432 1.74999 3
13.2 2.86227 0.349372 4
10.0 0.144534 6.9188 2
10.0 1.32297 0.755873 2
11.6 0.281752 3.54922 3
13.2 2.64452 0.37814 4
10.0 0.189349 5.28126 2
13.2 0.844178 1.18458 4
10.0 0.684432 1.46106 2
11.6 1.2 0.833331 3
13.2 1.64424 0.608183 4
10.0 0.154781 6.46074 2
11.5 1.01911 0.981245 3
13.1 0.213961 4.67375 4
11.5 1.32297 0.755873 3
11.5 0.982074 1.01825 3
11.4 0.213961 4.67375 3
13.0 3.3693 0.296797 4
11.4 0.375592 2.66247 3
11.4 0.115579 8.6521 3
11.4 0.232102 4.30844 3
13.0 1.60774 0.62199 4
13.0 0.813546 1.22919 4
11.3 0.845585 1.18261 3
13.0 1.08538 0.921337 4
11.3 0.725153 1.37902 3
13.0 0.635699 1.57307 4
35.9 0.499992 2.00003 0
52.2 0.499997 2.00001 1
58.1 1.00001 0.999995 2
61.2 1 1 3
53.9 1 0.999997 4
29.8 0.250001 3.99998 0
32.3 0.999984 1.00002 1
48.9 0.5 2 2
43.9 2.00001 0.499997 3
46.6 2 0.5 4
41.0 0.500001 1.99999 3
39.7 3 0.333333 4
24.4 0.200001 4.99997 0
22.2 0.25 4 1
30.3 1.5 0.666667 2
32.7 1.5 0.666667 3
33.0 3.99998 0.250001 4
22.2 0.333335 2.99998 0
21.5 0.333333 3.00001 1
25.0 1.99997 0.500008 2
32.1 0.500001 1.99999 4
18.8 0.142858 6.99996 0
21.2 0.2 4.99999 1
24.8 0.333335 2.99998 2
24.8 3.49995 0.285718 3
30.5 1.5 0.666667 4
16.6 0.881067 1.13499 0
16.4 0.881051 1.13501 1
21.8 0.250001 3.99999 2
21.3 2.9999 0.333344 3
27.1 3.49999 0.285715 4
15.8 0.882003 1.13378 1
18.8 0.66667 1.49999 2
20.1 0.333334 2.99999 3
14.5 0.142857 6.99998 1
18.3 0.4 2.5 2
19.7 3.99994 0.250004 3
11.3 0.294007 3.40128 0
18.2 0.88202 1.13376 2
19.6 2.49997 0.400005 3
17.5 0.75 1.33333 2
18.9 0.666668 1.5 3
10.5 0.0771055 12.9692 0
17.0 0.2 5.00001 2
18.3 0.88202 1.13376 3
22.5 2.49998 0.400003 4
10.4 0.0449617 22.2412 0
12.8 0.166668 5.99997 1
16.6 0.881059 1.135 2
18.2 0.250001 3.99999 3
16.4 1.33334 0.749996 3
12.5 0.285716 3.49998 1
14.8 1.33334 0.749996 2
16.1 0.4 2.5 3
16.0 0.800001 1.25 3
18.4 1.33334 0.749996 4
12.2 1.762 0.567536 1
15.6 1.76404 0.566881 3
13.7 1.76401 0.566891 2
18.1 0.333335 2.99999 4
13.6 0.428572 2.33333 2
15.2 0.881022 1.13505 3
17.4 0.88202 1.13376 4
11.3 0.107852 9.27197 1
15.1 0.75 1.33333 3
17.3 0.666669 1.49999 4
11.2 0.399999 2.50001 1
16.8 1.76404 0.566881 4
14.4 1.76189 0.567573 3
11.2 0.294008 3.40126 1
12.8 2.64303 0.378354 2
14.3 0.2 5.00001 3
16.4 2.33333 0.428572 4
10.9 0.200183 4.99543 1
15.7 0.250001 3.99999 4
10.8 0.425328 2.35113 1
15.7 0.750001 1.33333 4
10.7 0.342906 2.91625 1
13.9 1.74999 0.571431 3
15.5 3.52808 0.28344 4
10.7 0.0513555 19.4721 1
12.5 0.142858 6.99996 2
12.4 1.7621 0.567504 2
15.1 2.64595 0.377936 4
13.6 0.881404 1.13455 3
15.0 0.880971 1.13511 4
10.5 0.0270053 37.0297 1
13.5 3.52801 0.283446 3
14.9 1.76188 0.567576 4
10.5 0.154211 6.48462 1
10.3 0.0600467 16.6537 1
13.4 4.40488 0.227021 3
10.3 0.0899234 11.1206 1
13.2 2.64595 0.377936 3
10.2 3.74703 0.266878 1
13.2 2.33335 0.428569 3
14.7 1.66666 0.600003 4
14.6 0.400001 2.49999 4
10.1 0.510249 1.95983 1
10.1 0.0442785 22.5843 1
11.5 1.27596 0.783723 2
13.1 0.6 1.66667 3
10.0 0.440333 2.27101 1
12.9 3.52381 0.283784 3
14.3 1.75 0.571428 4
12.7 1.4 0.714287 3
11.4 0.16271 6.1459 2
11.3 0.293632 3.40562 2
12.6 2.64299 0.378359 3
14.3 1.58518 0.630844 4
11.3 4.27106 0.234134 2
12.6 0.792589 1.26169 3
11.2 0.880403 1.13584 2
14.2 4.40524 0.227002 4
11.1 0.256069 3.9052 2
14.2 2.64307 0.378349 4
11.1 0.166667 5.99998 2
12.3 0.428572 2.33333 3
10.9 0.685811 1.45813 2
10.8 0.799997 1.25 2
14.1 3.08239 0.324423 4
10.8 0.588017 1.70063 2
10.8 0.0643678 15.5357 2
14.1 0.588621 1.69888 4
10.7 0.146546 6.82381 2
12.1 0.410634 2.43526 3
14.1 1.6 0.624999 4
10.6 0.564729 1.77076 2
12.1 0.96718 1.03393 3
14.0 1.2 0.833331 4
10.6 0.231319 4.32303 2
12.1 0.880403 1.13584 3
14.0 0.744961 1.34235 4
10.6 0.205316 4.87053 2
12.1 0.714286 1.4 3
14.0 1.7013 0.587784 4
10.6 0.112882 8.8588 2
12.1 0.166667 5.99997 3
10.5 0.289287 3.45677 2
13.9 0.800001 1.25 4
10.5 3.52414 0.283757 2
12.0 0.142858 6.99998 3
10.5 0.118874 8.41227 2
12.0 0.188469 5.30592 3
10.4 0.172381 5.80109 2
11.9 0.285715 3.49999 3
10.4 0.215704 4.63598 2
10.4 0.411291 2.43137 2
11.9 0.187869 5.32286 3
13.7 1.01911 0.981247 4
11.9 0.162379 6.15845 3
13.7 2.64059 0.378703 4
10.3 0.307344 3.25368 2
13.7 0.881414 1.13454 4
10.3 0.814558 1.22766 2
11.8 0.822124 1.21636 3
13.6 2.53254 0.394861 4
10.3 0.161915 6.17609 2
11.8 2.13705 0.467935 3
11.8 0.685811 1.45813 3
13.6 1.64425 0.608181 4
10.2 0.284164 3.51909 2
11.8 0.23865 4.19023 3
10.2 0.44103 2.26742 2
13.6 0.878396 1.13844 4
10.2 0.188744 5.29817 2
11.7 0.460077 2.17355 3
13.6 2.24997 0.44445 4
11.7 1.64422 0.608191 3
10.1 0.256581 3.8974 2
11.7 2.05494 0.486632 3
10.1 3.36927 0.2968 2
11.7 1.01911 0.981245 3
13.5 3.52378 0.283787 4
10.1 0.529135 1.88988 2
13.5 1.37162 0.729066 4
10.1 0.132836 7.52811 2
11.7 0.616939 1.62091 3
13.5 2.41162 0.41466 4
10.1 0.091462 10.9335 2
11.7 0.289287 3.45678 3
13.5 1.4 0.714287 4
11.6 0.512794 1.9501 3
13.5 3.25 0.307692 4
10.1 0.425324 2.35115 2
11.6 1.2 0.833331 3
11.6 1.3167 0.759477 3
13.4 0.745478 1.34142 4
10.1 0.294006 3.40129 2
10.0 0.316051 3.16404 2
10.0 0.0886697 11.2778 2
13.3 0.440332 2.27102 4
11.5 0.256286 3.90188 3
11.5 0.779441 1.28297 3
11.4 0.15309 6.53209 3
13.2 0.355835 2.81029 4
11.4 0.212644 4.70269 3
13.2 0.809616 1.23515 4
11.4 0.268496 3.72446 3
13.2 0.372481 2.6847 4
11.4 1.27595 0.783728 3
13.1 2.66668 0.374998 4
11.4 0.224198 4.46035 3
11.3 0.219748 4.55067 3
13.1 0.969664 1.03129 4
13.1 1.12991 0.885026 4
13.1 0.376937 2.65296 4
11.3 0.397564 2.51532 3
13.1 0.2 5.00001 4
11.3 1.80926 0.552712 3
13.1 2.00968 0.497593 4
11.3 0.157121 6.36454 3
39.1 0.499992 2.00003 0
59.7 0.500003 1.99999 1
58.2 1.00001 0.999995 2
61.5 1.00001 0.999995 3
52.4 1 1 4
34.7 0.999984 1.00002 1
49.6 0.5 2 2
43.4 1.99999 0.500003 3
47.7 2.00001 0.499997 4
24.1 0.200001 4.99997 0
41.5 0.5 2 3
36.5 2.99998 0.333336 4
23.3 0.249999 4.00002 0
23.8 0.333335 2.99998 1
30.4 1.5 0.666667 2
31.9 1.49999 0.666672 3
34.1 3.99998 0.250001 4
21.9 0.333335 2.99998 0
23.7 0.25 4 1
26.9 1.99997 0.500008 2
31.9 0.499999 2 4
17.5 0.142858 6.99996 0
22.7 0.2 4.99999 1
24.2 0.333335 2.99998 2
27.2 4.00002 0.249999 3
31.9 1.5 0.666667 4
17.0 0.881067 1.13499 0
17.4 0.66667 1.49999 1
21.5 0.250001 3.99999 2
27.1 3 0.333333 3
27.7 3.49999 0.285715 4
16.0 0.881051 1.13501 1
19.4 0.4 2.5 2
24.9 3.49995 0.285718 3
15.8 0.881987 1.1338 1
18.9 0.66667 1.49999 2
20.1 0.666668 1.5 3
11.7 0.166668 5.99997 0
15.0 0.399999 2.50001 1
18.3 0.88202 1.13376 2
19.7 2.49997 0.400005 3
11.5 0.294007 3.40128 0
17.7 0.2 4.99999 2
19.2 0.333333 3 3
23.9 2.49998 0.400003 4
10.8 0.0473262 21.1299 0
17.0 0.881059 1.135 2
18.2 0.882016 1.13377 3
10.8 0.0264389 37.823 0
14.0 0.142857 6.99998 1
15.3 0.800004 1.24999 2
18.1 0.250001 3.99999 3
10.7 0.0665801 15.0195 0
17.1 0.800001 1.25 3
10.5 0.0881997 11.3379 0
12.6 0.285714 3.5 1
14.7 0.749994 1.33334 2
17.0 0.75 1.33333 3
12.5 0.166668 5.99997 1
14.5 1.33334 0.749996 2
16.8 0.4 2.5 3
15.8 1.76404 0.566881 3
18.6 1.33334 0.749996 4
10.3 0.0762323 13.1178 0
17.3 0.666669 1.49999 4
10.1 0.293725 3.40454 0
12.3 1.76213 0.567494 1
13.5 1.76401 0.566891 2
15.5 0.881059 1.135 3
17.2 0.882016 1.13377 4
10.0 1.00001 0.999995 0
15.4 1.33333 0.750001 3
16.9 1.76404 0.566881 4
16.8 2.33335 0.428569 4
12.8 0.142858 6.99997 2
15.1 0.2 4.99999 3
16.6 0.750001 1.33333 4
10.9 0.294007 3.40128 1
14.7 1.74999 0.571431 3
10.7 0.0476291 20.9956 1
16.2 0.333334 2.99999 4
10.7 0.4392 2.27687 1
14.2 1.76189 0.567573 3
15.9 3.52808 0.28344 4
12.2 1.7621 0.567504 2
15.1 0.250001 3.99998 4
14.0 0.6 1.66667 3
15.0 0.881174 1.13485 4
10.2 0.293724 3.40456 1
12.2 2.64303 0.378354 2
13.8 1.25 0.8 3
14.9 1.76212 0.567499 4
10.1 3.74703 0.266878 1
14.9 1.75 0.571428 4
10.1 0.207878 4.81051 1
12.0 1.27596 0.783723 2
14.9 1.6 0.624999 4
10.1 0.0862728 11.5911 1
13.5 3.52801 0.283446 3
14.8 1.66667 0.6 4
10.1 0.115883 8.62941 1
10.0 0.0762735 13.1107 1
11.8 0.048178 20.7564 2
13.2 2.33335 0.428569 3
10.0 0.114738 8.71551 1
11.8 0.428572 2.33333 2
14.7 0.4 2.5 4
13.0 2.64595 0.377936 3
14.7 0.881414 1.13454 4
12.9 4.40488 0.227021 3
11.5 3.52808 0.28344 2
12.9 0.881404 1.13455 3
11.5 0.230581 4.33688 2
14.6 0.800001 1.25 4
12.8 1.4 0.714287 3
14.6 1.37162 0.729066 4
11.5 0.285716 3.49998 2
14.6 2.64597 0.377934 4
14.5 1.2 0.833333 4
12.6 3.52381 0.283784 3
11.4 0.880395 1.13585 2
12.4 0.137151 7.29123 3
11.4 0.599994 1.66668 2
12.4 1.60001 0.624997 3
11.3 0.142887 6.99854 2
11.3 0.106322 9.4054 2
14.2 2.24997 0.44445 4
11.0 0.308422 3.24231 2
12.3 1.66667 0.6 3
10.9 0.294004 3.40132 2
10.9 0.163055 6.1329 2
10.8 0.293725 3.40455 2
12.1 0.188468 5.30593 3
14.1 3.75 0.266667 4
12.1 0.153804 6.50179 3
14.1 2.64307 0.378349 4
10.7 0.257053 3.89025 2
12.1 2.64299 0.378359 3
10.7 0.117952 8.47799 2
10.6 0.779441 1.28297 2
14.0 0.496345 2.01473 4
11.9 0.211442 4.72943 3
14.0 3.08239 0.324423 4
10.6 0.061374 16.2935 2
14.0 0.969661 1.03129 4
10.5 0.132835 7.52813 2
11.9 0.685809 1.45813 3
10.5 0.0393859 25.3898 2
10.4 0.176157 5.67676 2
11.9 0.285715 3.49999 3
13.8 4.40524 0.227002 4
10.4 0.425322 2.35116 2
11.8 0.714286 1.4 3
10.4 0.196085 5.09982 2
11.8 0.880403 1.13584 3
13.7 1.4 0.714287 4
10.4 0.166667 6 2
11.8 0.594819 1.68118 3
13.7 3.52378 0.283787 4
10.4 0.529662 1.888 2
11.8 0.185004 5.4053 3
10.3 0.0970962 10.2991 2
11.8 1.27595 0.783728 3
10.3 0.406568 2.45961 2
11.8 1.32297 0.755873 3
10.3 0.673125 1.48561 2
13.6 2.41162 0.41466 4
10.3 0.205316 4.87054 2
13.6 2.64059 0.378703 4
11.7 0.96718 1.03393 3
13.5 0.43532 2.29716 4
10.3 0.11724 8.52948 2
11.7 0.982074 1.01825 3
13.5 0.355835 2.81029 4
10.3 3.36927 0.2968 2
11.7 0.792589 1.26169 3
13.5 3.24998 0.307695 4
10.3 0.161915 6.1761 2
11.6 0.428571 2.33333 3
11.6 0.410632 2.43527 3
13.5 2.20079 0.454382 4
10.2 0.133897 7.46841 2
11.6 0.344762 2.90055 3
13.5 0.274302 3.64562 4
10.2 0.44103 2.26742 2
11.6 1.12946 0.88538 3
13.5 3.88325 0.257516 4
10.1 0.148321 6.74213 2
11.6 1.35589 0.737524 3
10.1 0.22001 4.54525 2
11.6 0.725156 1.37901 3
13.4 0.985188 1.01504 4
10.1 0.0832982 12.0051 2
13.4 3.20002 0.312498 4
10.1 0.0705642 14.1715 2
11.5 0.29359 3.40611 3
13.4 1.64424 0.608183 4
10.1 0.321582 3.10963 2
11.5 0.396597 2.52145 3
13.4 0.376937 2.65297 4
10.1 0.656261 1.52378 2
10.1 0.0861904 11.6022 2
11.5 1.2 0.833331 3
11.5 0.142857 6.99999 3
13.3 2.53254 0.394861 4
10.0 0.0946602 10.5641 2
11.4 0.34912 2.86435 3
11.4 0.25557 3.91282 3
13.3 1.01911 0.981247 4
13.2 2.86227 0.349372 4
13.2 0.732506 1.36518 4
11.3 0.18932 5.28205 3
11.3 0.51257 1.95095 3
13.1 0.422884 2.36472 4
11.3 0.658346 1.51896 3
13.1 0.440331 2.27102 4
11.3 3.08204 0.32446 3
34.8 0.499992 2.00003 0
58.4 0.500003 1.99999 1
52.4 0.999995 1.00001 2
59.3 1 1 3
51.4 1 0.999997 4
31.1 0.999984 1.00002 1
47.6 0.5 2 2
43.2 2.00001 0.499997 3
45.3 2 0.5 4
23.5 0.200001 4.99997 0
39.4 0.500001 1.99999 3
33.9 2.99998 0.333336 4
23.0 0.333335 2.99998 0
24.1 0.333335 2.99998 1
29.5 1.5 0.666667 2
31.9 1.5 0.666667 3
33.6 4.00002 0.249999 4
18.7 0.249999 4.00002 0
21.4 0.25 4 1
23.9 1.99997 0.500008 2
31.3 1.50001 0.666664 4
16.7 0.142858 6.99996 0
20.9 0.2 4.99999 1
22.8 0.333334 2.99999 2
27.0 4.00002 0.249999 3
30.5 0.500001 1.99999 4
16.7 0.881034 1.13503 0
16.1 0.881051 1.13501 1
20.5 0.250001 3.99999 2
24.6 3.49995 0.285718 3
27.1 3.49999 0.285715 4
15.1 0.881987 1.1338 1
18.1 0.88202 1.13376 2
20.8 0.66667 1.49999 3
11.8 0.294007 3.40128 0
17.8 0.4 2.5 2
20.5 2.9999 0.333344 3
25.8 2.5 0.4 4
17.2 0.2 5.00001 2
19.8 0.333334 2.99999 3
12.7 0.142857 6.99998 1
16.5 0.666665 1.5 2
19.5 2.49997 0.400005 3
11.1 0.0270382 36.9847 0
16.1 0.881059 1.135 2
18.2 0.88202 1.13376 3
10.7 0.0771055 12.9692 0
15.5 1.33334 0.749996 2
16.3 1.33334 0.749996 3
10.4 0.0449617 22.2412 0
16.0 0.250001 3.99999 3
12.1 1.76207 0.567515 1
14.3 0.600002 1.66666 2
16.0 0.800001 1.25 3
10.1 0.0566773 17.6438 0
15.9 0.750003 1.33333 3
18.1 0.333335 2.99999 4
10.1 0.273172 3.6607 0
18.0 0.88202 1.13376 4
11.1 0.285716 3.49998 1
13.2 1.76401 0.566891 2
15.5 1.76404 0.566881 3
10.8 0.4392 2.27687 1
15.5 0.4 2.5 3
17.1 0.666669 1.49999 4
10.7 0.0899234 11.1206 1
12.9 0.428572 2.33333 2
17.1 1.33334 0.749999 4
10.6 0.0600467 16.6537 1
12.9 1.7619 0.567568 2
15.2 0.881022 1.13505 3
14.3 0.2 5.00001 3
16.3 2.33333 0.428572 4
10.5 0.294005 3.40131 1
16.1 1.76404 0.566881 4
10.4 0.189836 5.26772 1
14.2 1.76189 0.567573 3
15.6 0.750001 1.33333 4
10.4 0.378698 2.64062 1
12.1 0.749994 1.33334 2
13.9 0.6 1.66667 3
15.2 2.25 0.444444 4
12.1 2.64303 0.378354 2
15.1 3.52808 0.28344 4
10.2 0.0368488 27.138 1
15.0 0.880971 1.13511 4
13.4 4.40488 0.227021 3
15.0 1.66667 0.6 4
10.0 0.143365 6.97519 1
10.0 0.166667 5.99999 1
13.3 1.74999 0.571431 3
13.2 2.33332 0.428574 3
11.5 0.192189 5.20321 2
14.8 1.76191 0.567565 4
13.2 0.224198 4.46035 3
11.4 0.0859236 11.6382 2
13.1 2.64595 0.377936 3
11.3 0.142857 6.99999 2
13.1 3.52801 0.283446 3
14.7 2.64604 0.377923 4
14.7 0.25 4 4
12.9 0.881404 1.13455 3
14.6 1.6 0.624999 4
12.8 2.66668 0.374998 3
11.0 0.251532 3.97564 2
12.8 0.194478 5.14197 3
11.0 1.27596 0.783723 2
12.8 0.201859 4.95394 3
12.7 0.144282 6.93086 3
10.9 0.178994 5.58678 2
14.2 0.878396 1.13844 4
10.8 0.779448 1.28296 2
12.5 0.792589 1.26169 3
14.2 2.64059 0.378703 4
10.8 0.0899234 11.1206 2
10.8 4.27106 0.234134 2
14.1 1.58518 0.630844 4
10.7 0.666938 1.49939 2
14.0 0.4 2.5 4
10.7 0.0877067 11.4016 2
10.6 0.201859 4.95394 2
10.6 0.294006 3.40129 2
12.2 1.60001 0.624997 3
10.6 0.293725 3.40455 2
10.6 0.880239 1.13606 2
10.5 0.0600467 16.6537 2
12.1 0.178502 5.60219 3
13.8 1.2 0.833331 4
10.4 0.550893 1.81524 2
12.0 0.384378 2.60161 3
13.8 4.40524 0.227002 4
12.0 0.142858 6.99997 3
13.8 3.25 0.307692 4
10.4 0.154211 6.48462 2
12.0 1.40001 0.714282 3
11.9 0.880169 1.13614 3
13.8 0.588621 1.69888 4
10.4 0.0512031 19.5301 2
13.8 1.64425 0.608181 4
10.4 0.0971321 10.2953 2
13.7 0.800001 1.25 4
11.9 0.403516 2.47822 3
10.3 0.256286 3.90188 2
11.9 2.64295 0.378364 3
13.6 0.397245 2.51734 4
10.3 0.0811252 12.3266 2
13.6 1.75 0.571428 4
11.8 0.11251 8.88806 3
13.6 0.599999 1.66667 4
10.3 3.52414 0.283757 2
11.8 2.05494 0.486632 3
13.5 1.17724 0.849441 4
10.3 0.460077 2.17355 2
13.5 1.06853 0.935865 4
10.3 0.232104 4.30842 2
11.8 0.192189 5.20322 3
13.5 2.53254 0.394861 4
10.3 0.814558 1.22766 2
11.8 0.293724 3.40456 3
10.2 0.217021 4.60786 2
11.7 2.13705 0.467935 3
13.4 0.881414 1.13454 4
10.2 0.163004 6.1348 2
11.7 0.134207 7.45116 3
13.4 1.32028 0.757413 4
10.2 0.11251 8.88806 2
10.2 0.183567 5.44761 2
13.4 0.880169 1.13614 4
10.2 0.0665688 15.022 2
11.6 0.434041 2.30393 3
10.1 0.364974 2.73992 2
11.6 0.108153 9.24618 3
10.1 0.0685578 14.5862 2
11.6 1.3167 0.759477 3
13.4 0.275045 3.63577 4
10.0 0.103499 9.66195 2
11.6 0.658346 1.51896 3
13.4 3.08239 0.324423 4
10.0 0.163191 6.12781 2
13.4 1.52506 0.655711 4
10.0 0.285716 3.49998 2
13.3 3.20002 0.312498 4
11.5 0.241231 4.14541 3
11.5 0.588646 1.69881 3
13.3 0.867863 1.15226 4
11.5 1.64422 0.608191 3
13.3 0.655048 1.52661 4
13.2 0.557517 1.79367 4
11.5 0.291128 3.43491 3
13.2 3.52378 0.283787 4
11.4 1.2 0.833331 3
11.4 2.83734 0.352443 3
13.2 0.744961 1.34235 4
11.4 0.0865222 11.5577 3
11.4 0.289287 3.45678 3
11.4 0.188469 5.30592 3
13.1 0.357003 2.8011 4
11.4 0.588011 1.70065 3
13.1 2.66668 0.374998 4
11.3 0.660142 1.51483 3
13.1 0.788153 1.26879 4
11.3 0.397564 2.51532 3
13.1 0.799717 1.25044 4
11.3 0.459919 2.1743 3
11.3 1.36962 0.730131 3
13.1 0.294006 3.40129 4
11.3 0.307975 3.24702 3
13.1 0.505179 1.9795 4
11.2 0.822124 1.21636 3
13.1 0.87703 1.14021 4
38.1 0.499992 2.00003 0
58.8 0.500003 1.99999 1
57.5 1.00001 0.999995 2
59.4 1.00001 0.999995 3
50.5 1 1 4
33.6 0.999984 1.00002 1
48.4 0.500003 1.99999 2
44.0 2.00001 0.499997 3
46.4 2.00001 0.499997 4
22.5 0.333335 2.99998 0
40.3 0.5 2 3
35.8 2.99998 0.333336 4
22.3 0.249999 4.00002 0
22.7 0.333333 3.00001 1
29.6 1.5 0.666667 2
31.2 1.49999 0.666672 3
33.6 3.99998 0.250001 4
16.7 0.199999 5.00002 0
22.5 0.25 4 1
25.8 1.99997 0.500008 2
31.6 1.5 0.666667 4
16.6 0.881067 1.13499 0
22.4 0.2 4.99999 1
22.8 0.333334 2.99999 2
27.2 4.00002 0.249999 3
31.5 0.499999 2 4
13.4 0.142857 7.00001 0
18.1 0.400002 2.49999 1
20.0 0.25 4 2
26.5 3 0.333333 3
27.7 3.49999 0.285715 4
15.7 0.881051 1.13501 1
18.7 0.66667 1.49999 2
24.8 3.49995 0.285718 3
26.9 2.5 0.4 4
11.9 0.294007 3.40128 0
15.1 0.881987 1.1338 1
18.7 0.4 2.5 2
19.6 2.49997 0.400005 3
18.0 0.88202 1.13376 2
19.1 0.666668 1.5 3
11.5 0.0473262 21.1299 0
17.0 0.2 4.99999 2
18.4 0.333333 3 3
16.4 0.881059 1.135 2
17.7 0.882016 1.13377 3
11.5 0.0771053 12.9693 0
15.2 1.33334 0.749996 2
16.9 0.800001 1.25 3
10.8 0.146546 6.82379 0
16.6 0.75 1.33333 3
10.7 0.293627 3.40568 0
12.0 1.76213 0.567494 1
14.6 0.800004 1.24999 2
16.5 0.25 4.00001 3
10.5 0.0665801 15.0195 0
12.0 0.142857 6.99998 1
17.1 0.88202 1.13376 4
14.0 0.749994 1.33334 2
15.6 1.76404 0.566881 3
16.7 1.33334 0.749999 4
10.1 0.0538858 18.5578 0
15.5 0.881022 1.13505 3
11.6 0.166668 5.99997 1
15.4 0.4 2.5 3
16.4 0.750001 1.33333 4
11.1 0.285714 3.5 1
13.0 1.76401 0.566891 2
15.4 0.2 4.99999 3
16.4 0.333334 2.99999 4
11.1 0.294005 3.40131 1
16.3 2.33333 0.428572 4
10.7 0.342906 2.91625 1
12.6 1.7619 0.567568 2
15.1 1.33333 0.750001 3
16.2 1.76404 0.566881 4
14.5 0.6 1.66667 3
10.6 0.192189 5.20322 1
14.4 1.76189 0.567573 3
15.7 0.666668 1.5 4
10.6 0.666661 1.50001 1
14.3 1.25 0.8 3
15.4 3.52808 0.28344 4
10.5 0.0413228 24.1997 1
10.4 0.293724 3.40456 1
15.2 0.4 2.5 4
10.3 0.0899232 11.1206 1
11.6 0.293725 3.40454 2
14.2 1.74999 0.571431 3
15.1 1.6 0.624999 4
10.3 0.0207799 48.1234 1
11.6 0.428572 2.33333 2
10.3 0.0480285 20.8209 1
11.6 0.0859235 11.6383 2
10.2 0.0814769 12.2734 1
11.5 2.64303 0.378354 2
14.8 1.66667 0.6 4
10.2 0.0578847 17.2757 1
11.5 0.192188 5.20323 2
13.2 0.25557 3.91282 3
10.2 0.146658 6.81859 1
13.1 2.33332 0.428574 3
14.6 1.76191 0.567565 4
10.2 0.107852 9.27199 1
13.0 4.40488 0.227021 3
13.0 3.52801 0.283446 3
14.5 3.75 0.266667 4
10.0 0.0674567 14.8243 1
14.4 2.24997 0.44445 4
12.9 2.64595 0.377936 3
11.1 0.106322 9.4054 2
12.7 0.384376 2.60162 3
14.3 0.881414 1.13454 4
11.1 0.142857 6.99998 2
11.0 0.16319 6.12784 2
11.0 0.294006 3.40129 2
12.4 0.344762 2.90055 3
10.9 0.599994 1.66668 2
14.2 0.881174 1.13485 4
10.9 0.880395 1.13585 2
14.1 2.64597 0.377934 4
10.9 4.27106 0.234134 2
14.1 2.64059 0.378703 4
12.2 0.356365 2.80611 3
14.1 1.2 0.833333 4
10.7 0.142887 6.99854 2
12.2 0.725153 1.37902 3
14.0 1.74999 0.571431 4
10.6 0.230581 4.33688 2
10.5 0.176157 5.67676 2
12.1 0.248173 4.02945 3
13.9 1.08538 0.921337 4
10.4 0.0899231 11.1206 2
12.0 1.4 0.714287 3
13.9 0.847534 1.17989 4
10.3 0.0600465 16.6538 2
12.0 1.08538 0.921337 3
10.3 0.779441 1.28297 2
11.9 2.77285 0.360639 3
10.3 0.406568 2.45961 2
13.8 0.707164 1.4141 4
10.3 0.149605 6.68426 2
10.2 1.16608 0.857572 2
11.8 0.588622 1.69888 3
13.7 0.25 4 4
10.2 0.115769 8.63787 2
11.8 2.64295 0.378364 3
10.2 0.673125 1.48561 2
11.8 0.982074 1.01825 3
13.6 0.496345 2.01473 4
13.6 3.52378 0.283787 4
10.2 0.0602833 16.5883 2
13.5 1.17724 0.849441 4
10.2 0.364974 2.73992 2
11.7 0.658348 1.51895 3
13.5 0.557516 1.79367 4
11.7 0.18932 5.28206 3
13.5 1.4 0.714287 4
10.2 3.52427 0.283747 2
11.7 0.439197 2.27688 3
13.5 4.40524 0.227002 4
10.1 0.0961736 10.3979 2
11.7 0.212644 4.7027 3
10.1 0.109238 9.15432 2
10.1 0.0826456 12.0999 2
11.6 1.27595 0.783728 3
13.5 0.48484 2.06253 4
10.1 0.464696 2.15195 2
11.6 0.162776 6.14342 3
13.5 0.439199 2.27687 4
10.1 0.163004 6.13481 2
13.5 0.880165 1.13615 4
10.1 0.0725628 13.7812 2
11.6 0.293725 3.40454 3
13.4 3.88325 0.257516 4
10.1 0.0928972 10.7646 2
11.5 0.440563 2.26982 3
10.1 0.101208 9.88066 2
10.1 0.117278 8.52678 2
13.4 3.08239 0.324423 4
10.1 0.229027 4.36629 2
11.5 1.59999 0.625002 3
13.4 1.9241 0.519723 4
10.1 0.267414 3.73952 2
11.5 0.458613 2.18049 3
10.0 0.297409 3.36237 2
11.5 0.245627 4.07121 3
10.0 0.22001 4.54525 2
11.5 1.64422 0.608191 3
13.3 1.21478 0.823197 4
11.5 0.341697 2.92657 3
13.3 3.24998 0.307695 4
11.5 0.880169 1.13614 3
13.3 0.993555 1.00649 4
11.4 0.109215 9.15623 3
13.3 2.53254 0.394861 4
13.3 1.64424 0.608183 4
11.4 0.888043 1.12607 3
13.3 0.800001 1.25 4
11.4 0.403515 2.47822 3
13.3 0.840294 1.19006 4
11.4 0.822124 1.21636 3
11.3 0.387647 2.57967 3
13.3 1.37162 0.729066 4
11.3 1.32297 0.755873 3
11.3 0.396597 2.52145 3
11.3 0.666938 1.49939 3
11.3 0.556212 1.79788 3
13.2 0.6 1.66667 4
11.3 0.434368 2.3022 3
11.2 0.512571 1.95095 3
13.2 1.81218 0.551822 4
13.2 2.86227 0.349372 4
11.2 0.210195 4.75749 3
13.2 0.878394 1.13844 4
34.4 0.499992 2.00003 0
50.6 0.499997 2.00001 1
51.7 0.999995 1.00001 2
56.8 1 1 3
48.3 1 0.999997 4
31.0 0.999984 1.00002 1
46.2 0.5 2 2
40.6 1.99999 0.500003 3
44.0 2.00001 0.499997 4
22.4 0.333335 2.99998 0
37.9 0.500001 1.99999 3
33.2 4.00002 0.249999 4
22.2 0.200001 4.99997 0
22.7 0.333335 2.99998 1
24.5 1.99997 0.500008 2
31.8 1.5 0.666667 3
33.1 2.99998 0.333336 4
18.4 0.249999 4.00002 0
22.3 0.250001 3.99998 1
20.3 1.49995 0.666688 2
30.5 1.50001 0.666664 4
17.3 0.881034 1.13503 0
20.0 0.2 4.99999 1
20.2 0.333334 2.99999 2
26.8 4.00002 0.249999 3
29.6 0.499999 2.00001 4
17.8 0.400002 2.49999 1
20.1 0.250001 3.99999 2
24.2 3.49995 0.285718 3
26.6 3.49999 0.285715 4
11.6 0.294007 3.40128 0
17.8 0.66667 1.49999 1
18.1 0.88202 1.13376 2
20.3 2.9999 0.333344 3
16.7 0.881051 1.13501 1
17.2 0.4 2.5 2
19.2 2.49997 0.400005 3
10.7 0.273172 3.6607 0
14.7 0.881987 1.1338 1
16.5 0.881018 1.13505 2
18.3 0.333335 2.99998 3
25.2 2.5 0.4 4
10.6 0.0665803 15.0195 0
16.3 0.75 1.33333 2
18.2 0.88202 1.13376 3
10.1 0.0923424 10.8293 0
15.9 0.2 5.00001 2
16.5 0.666668 1.5 3
10.0 0.0536015 18.6562 0
15.7 0.666665 1.5 2
16.4 0.249999 4.00001 3
12.6 1.76207 0.567515 1
14.7 1.33334 0.749996 2
15.9 0.800001 1.25 3
14.4 0.800004 1.24999 2
15.7 1.76404 0.566881 3
18.1 0.88202 1.13376 4
15.7 0.4 2.5 3
15.4 0.881022 1.13505 3
16.4 0.666669 1.49999 4
13.3 2.64303 0.378354 2
15.1 0.200001 4.99998 3
16.3 1.76404 0.566881 4
10.9 0.4392 2.27687 1
15.1 0.75 1.33333 3
16.3 0.333335 2.99998 4
10.7 0.142857 6.99998 1
12.9 1.76401 0.566891 2
15.0 1.33334 0.749996 3
12.8 1.7621 0.567504 2
14.6 1.7621 0.567504 3
15.8 2.33333 0.428572 4
10.6 0.145782 6.85954 1
13.8 0.439198 2.27688 3
15.4 0.400002 2.49999 4
10.5 0.0380021 26.3144 1
15.4 2.25 0.444444 4
10.4 0.0835081 11.9749 1
13.7 0.6 1.66667 3
15.3 0.750001 1.33333 4
10.4 0.0455341 21.9616 1
13.7 2.33335 0.428569 3
15.2 2.64307 0.378349 4
10.3 0.378695 2.64064 1
15.1 3.52808 0.28344 4
10.3 0.0602011 16.611 1
10.3 0.294005 3.40131 1
13.4 4.40488 0.227021 3
11.9 0.428572 2.33333 2
10.2 0.189836 5.26772 1
13.1 1.74999 0.571431 3
10.2 2.00001 0.499997 1
14.8 1.66667 0.6 4
12.9 3.52381 0.283784 3
14.8 1.33334 0.749999 4
11.2 3.36939 0.29679 2
12.7 2.64595 0.377936 3
14.6 2.64604 0.377923 4
12.7 3.52801 0.283446 3
14.6 0.878396 1.13844 4
11.2 3.52808 0.28344 2
10.9 0.217021 4.60786 2
10.9 0.203134 4.92285 2
14.5 0.880971 1.13511 4
12.5 0.881404 1.13455 3
14.4 1.76191 0.567565 4
10.8 0.192189 5.20321 2
10.8 0.146433 6.82906 2
12.5 0.137905 7.25138 3
14.3 3.08239 0.324423 4
10.8 0.0735816 13.5904 2
10.7 0.564729 1.77076 2
12.4 2.64303 0.378354 3
14.2 4.40524 0.227002 4
14.2 0.452874 2.20812 4
10.7 0.460077 2.17355 2
14.1 0.249999 4.00001 4
10.7 0.255571 3.9128 2
12.4 2.05494 0.486632 3
10.6 0.176405 5.66878 2
12.3 0.792589 1.26169 3
14.1 1.6 0.624999 4
10.5 0.880403 1.13584 2
12.3 0.176767 5.65715 3
10.5 0.219599 4.55375 2
10.4 0.182136 5.4904 2
12.2 0.880169 1.13614 3
10.4 0.293725 3.40455 2
10.4 0.229027 4.36629 2
10.3 0.0523387 19.1063 2
10.3 0.144633 6.91405 2
13.7 0.867863 1.15226 4
10.3 0.892453 1.12051 2
13.7 0.800001 1.25 4
10.3 0.120369 8.30777 2
12.1 2.66668 0.374998 3
10.3 0.0691221 14.4672 2
12.1 0.658346 1.51896 3
13.7 1.58518 0.630844 4
10.3 0.0929058 10.7636 2
12.1 0.434041 2.30393 3
12.0 1.4 0.714287 3
10.3 0.548081 1.82455 2
12.0 2.13705 0.467935 3
13.6 0.51531 1.94058 4
11.9 2.77285 0.360639 3
11.8 0.226968 4.40591 3
10.3 0.364974 2.73992 2
11.8 1.60001 0.624997 3
13.6 0.278759 3.58733 4
10.2 0.232712 4.29715 2
11.8 0.297581 3.36043 3
10.2 0.123875 8.07262 2
13.6 1.2 0.833333 4
10.2 0.183566 5.44762 2
10.2 0.666938 1.49939 2
13.5 1.64425 0.608181 4
10.2 0.373072 2.68045 2
11.7 0.289265 3.45703 3
13.5 1.06647 0.937675 4
10.1 0.0881772 11.3408 2
11.6 0.542364 1.84378 3
13.5 3.3693 0.296797 4
10.1 0.13938 7.17465 2
13.5 0.69373 1.44148 4
13.5 0.429925 2.32599 4
10.1 0.358466 2.78966 2
11.5 0.294008 3.40126 3
10.1 1.04331 0.958489 2
13.4 1.7013 0.587784 4
10.1 0.104678 9.55315 2
11.5 0.588646 1.69881 3
13.4 0.788153 1.26879 4
10.0 1.6203 0.61717 2
13.4 3.75 0.266667 4
10.0 0.13316 7.50974 2
13.4 2.41162 0.41466 4
10.0 0.224524 4.45386 2
11.4 0.440563 2.26982 3
13.4 2.25904 0.442666 4
13.4 0.599999 1.66667 4
13.3 3.24998 0.307695 4
11.4 0.384378 2.60161 3
11.4 0.510238 1.95987 3
11.4 1.80926 0.552712 3
13.3 1.48065 0.675381 4
11.4 1.08538 0.921337 3
13.3 0.880167 1.13615 4
11.3 0.248173 4.02945 3
13.3 0.556213 1.79787 4
13.3 1.17724 0.849441 4
13.3 3.20002 0.312498 4
11.3 0.548081 1.82455 3
13.3 1.32028 0.757413 4
11.3 0.822124 1.21636 3
13.3 1.31669 0.759479 4
11.2 0.144284 6.93078 3
11.2 1.67848 0.595778 3
13.2 1.02048 0.979934 4
13.1 3.88325 0.257516 4
13.1 0.655048 1.52661 4
11.2 0.142857 6.99999 3
37.7 0.499992 2.00003 0
58.1 0.500003 1.99999 1
53.3 0.999995 1.00001 2
57.0 1 1 3
47.9 1 1 4
28.9 0.250001 3.99998 0
33.4 0.999984 1.00002 1
46.7 0.5 2 2
42.2 1.99999 0.500003 3
44.7 2.00001 0.499997 4
38.5 0.5 2 3
35.2 2.99998 0.333336 4
22.3 0.200001 4.99997 0
22.2 0.250001 3.99998 1
29.4 1.5 0.666667 2
31.1 1.49999 0.666672 3
33.7 4.00002 0.249999 4
21.9 0.333335 2.99998 0
21.5 0.2 4.99999 1
26.2 1.99997 0.500008 2
31.1 1.5 0.666667 4
16.9 0.881067 1.13499 0
21.5 0.333333 3.00001 1
20.6 0.333335 2.99998 2
27.0 4.00002 0.249999 3
30.1 0.499999 2 4
13.9 0.142858 6.99996 0
17.6 0.66667 1.49999 1
19.2 0.25 4 2
24.4 3.49995 0.285718 3
27.4 3.49999 0.285715 4
16.6 0.881051 1.13501 1
18.0 0.4 2.5 2
21.5 2.9999 0.333344 3
11.7 0.294007 3.40128 0
14.8 0.881987 1.1338 1
18.0 0.882012 1.13377 2
19.3 2.49997 0.400005 3
17.8 0.66667 1.49999 2
17.4 0.882016 1.13377 3
23.3 2.49998 0.400003 4
10.8 0.0536014 18.6562 0
12.8 0.399999 2.50001 1
16.4 0.881059 1.135 2
17.1 0.333333 3 3
10.7 0.0566773 17.6438 0
16.2 0.2 4.99999 2
16.9 0.666668 1.5 3
10.7 0.293627 3.40568 0
14.7 0.800004 1.24999 2
16.4 0.800001 1.25 3
16.3 0.75 1.33333 3
12.4 1.76213 0.567494 1
14.5 1.33334 0.749996 2
15.8 0.881022 1.13505 3
16.9 0.882007 1.13378 4
14.0 0.749994 1.33334 2
15.7 1.76404 0.566881 3
13.9 0.600002 1.66666 2
15.7 0.25 3.99999 3
15.4 0.4 2.5 3
16.1 0.750001 1.33333 4
11.0 0.342906 2.91625 1
15.0 0.2 4.99999 3
15.9 0.666669 1.49999 4
10.9 0.293724 3.40456 1
12.9 1.7621 0.567504 2
14.3 1.25 0.8 3
15.7 2.25 0.444444 4
10.9 0.294005 3.40131 1
12.7 1.76401 0.566891 2
15.6 2.33333 0.428572 4
14.2 1.33333 0.750001 3
15.6 1.76404 0.566881 4
10.7 0.045534 21.9616 1
12.7 2.64303 0.378354 2
14.1 1.74999 0.571431 3
15.6 0.333333 3 4
14.1 1.76189 0.567573 3
10.5 0.4392 2.27687 1
13.9 0.6 1.66667 3
15.4 1.33333 0.750004 4
10.3 0.0494793 20.2105 1
15.4 3.52808 0.28344 4
10.3 2.00001 0.499997 1
15.0 2.64307 0.378349 4
10.2 0.0859236 11.6383 1
13.3 0.439197 2.27688 3
14.9 1.6 0.624999 4
10.2 0.183566 5.44763 1
13.3 0.25557 3.91282 3
14.9 1.66667 0.6 4
10.1 0.166668 5.99997 1
10.1 0.152872 6.54144 1
11.8 0.0824113 12.1343 2
14.8 0.4 2.5 4
12.9 4.40488 0.227021 3
12.7 3.52801 0.283446 3
11.3 0.425324 2.35115 2
12.6 3.52381 0.283784 3
11.3 0.293725 3.40455 2
12.6 0.384376 2.60162 3
11.2 0.529662 1.888 2
14.5 2.64602 0.377926 4
11.1 3.52808 0.28344 2
12.6 2.77285 0.360639 3
14.4 3.08239 0.324423 4
11.1 0.439198 2.27688 2
11.0 0.229027 4.36629 2
14.2 1.76189 0.567573 4
11.0 0.192188 5.20323 2
14.1 0.440564 2.26982 4
11.0 0.880403 1.13584 2
12.5 2.64595 0.377936 3
10.9 0.0917829 10.8953 2
14.0 1.2 0.833333 4
10.9 0.255571 3.91281 2
12.3 0.176767 5.65716 3
14.0 0.88102 1.13505 4
10.7 0.219599 4.55376 2
10.7 0.256864 3.89311 2
13.9 0.707164 1.4141 4
10.6 0.17404 5.74581 2
12.2 2.33332 0.428574 3
13.9 0.25 3.99999 4
10.6 0.257053 3.89025 2
12.2 0.594819 1.68118 3
13.9 3.3693 0.296797 4
10.6 0.212644 4.7027 2
13.9 0.370036 2.70244 4
10.5 0.151353 6.60709 2
12.2 1.4 0.714287 3
13.9 4.40524 0.227002 4
10.5 0.176379 5.66962 2
10.4 0.129448 7.72509 2
12.1 0.666938 1.49939 3
13.8 2.64059 0.378703 4
10.4 0.163412 6.11951 2
13.7 0.840294 1.19006 4
10.4 0.294006 3.40129 2
12.1 2.64314 0.378338 3
13.7 3.88325 0.257516 4
10.3 0.154211 6.48463 2
12.0 2.66668 0.374998 3
11.9 1.4064 0.711037 3
11.9 0.185018 5.40487 3
10.3 0.564729 1.77076 2
11.9 0.220011 4.54522 3
13.7 3.20002 0.312498 4
10.3 0.673125 1.48561 2
11.9 0.880169 1.13614 3
13.7 0.2 5 4
10.3 0.0706545 14.1534 2
11.8 0.248172 4.02946 3
13.6 0.617649 1.61904 4
10.2 0.106606 9.38029 2
13.6 0.881414 1.13454 4
11.8 0.725153 1.37902 3
10.2 0.120402 8.30552 2
11.8 0.440563 2.26982 3
11.8 2.05494 0.486632 3
10.2 3.36927 0.2968 2
10.2 0.779416 1.28301 2
11.7 0.182136 5.49041 3
13.6 1.08538 0.921337 4
10.1 1.16608 0.857572 2
13.6 1.58739 0.629964 4
10.1 0.0508378 19.6704 2
11.6 0.293725 3.40455 3
13.6 0.878394 1.13844 4
10.1 0.183566 5.44762 2
11.6 0.458613 2.18049 3
13.5 0.496345 2.01473 4
10.1 0.364974 2.73992 2
13.5 1.4 0.714287 4
10.1 0.235779 4.24127 2
11.6 0.106805 9.36284 3
13.5 2.41162 0.41466 4
11.5 1.27595 0.783728 3
13.5 0.658347 1.51896 4
11.5 0.717052 1.3946 3
13.4 0.880165 1.13615 4
11.4 0.404364 2.47302 3
13.4 0.667732 1.49761 4
11.4 0.51257 1.95095 3
13.3 3.24998 0.307695 4
11.4 0.840294 1.19006 3
13.3 1.64424 0.608183 4
11.4 0.556212 1.79788 3
13.3 0.757686 1.31981 4
13.3 0.666938 1.49939 4
13.3 3.52378 0.283787 4
11.4 0.288795 3.46266 3
11.4 1.16608 0.857572 3
13.3 0.515309 1.94058 4
11.4 0.888043 1.12607 3
11.4 0.22846 4.37713 3
13.3 0.510245 1.95984 4
11.3 0.297409 3.36237 3
13.2 1.74999 0.571431 4
13.2 1.21478 0.823197 4
11.3 0.563782 1.77374 3
13.2 3.39591 0.294472 4
