0 0 -inf
1 1.51074e-11 -inf
2 1.45107e-11 -inf
3 1.49117e-11 -inf
4 1.40692e-11 -inf
5 1.53463e-11 -inf
6 1.43851e-11 -inf
7 4.93081e-11 -inf
8 1.45817e-11 -inf
9 1.48808e-11 -inf
10 1.44066e-11 -inf
11 1.38693e-11 -inf
12 1.48042e-11 -inf
13 1.47805e-11 -inf
14 1.46736e-11 -inf
15 1.41148e-11 -inf
16 1.37004e-11 -inf
17 1.45969e-11 -inf
18 1.42343e-11 -inf
19 2.43029e-11 -inf
20 1.36744e-11 -inf
21 1.48563e-11 -inf
22 1.44204e-11 -inf
23 1.44148e-11 -inf
24 1.43134e-11 -inf
25 1.48969e-11 -inf
26 4.57074e-11 -inf
27 1.40911e-11 -inf
28 1.41008e-11 -inf
29 1.3986e-11 -inf
30 1.41428e-11 -inf
31 1.41992e-11 -inf
32 1.51273e-11 -inf
33 1.36751e-11 -inf
34 1.40138e-11 -inf
35 1.45075e-11 -inf
36 1.45971e-11 -inf
37 1.45828e-11 -inf
38 1.41298e-11 -inf
39 1.45618e-11 -inf
40 1.41509e-11 -inf
41 1.43166e-11 -inf
42 1.45075e-11 -inf
43 1.4013e-11 -inf
44 1.36418e-11 -inf
45 1.35482e-11 -inf
46 1.5729e-11 -inf
47 1.41565e-11 -inf
48 1.41072e-11 -inf
49 1.3412e-11 -inf
50 1.43743e-11 -inf
51 1.37148e-11 -inf
52 1.36768e-11 -inf
53 1.92598e-11 -inf
54 1.40025e-11 -inf
55 1.40751e-11 -inf
56 1.43961e-11 -inf
57 1.40691e-11 -inf
58 1.37027e-11 -inf
59 1.43644e-11 -inf
60 1.37253e-11 -inf
61 1.37588e-11 -inf
62 1.42293e-11 -inf
63 1.44827e-11 -inf
64 1.37399e-11 -inf
65 1.40228e-11 -inf
66 1.38348e-11 -inf
67 1.44031e-11 -inf
68 1.39881e-11 -inf
69 1.45798e-11 -inf
70 1.36674e-11 -inf
71 1.39256e-11 -inf
72 1.37055e-11 -inf
73 1.40771e-11 -inf
74 1.4086e-11 -inf
75 1.41996e-11 -inf
76 1.41818e-11 -inf
77 1.48557e-11 -inf
78 1.70992e-11 -inf
79 2.4884e-11 -inf
80 1.05636e-10 -inf
81 2.02808e-10 -inf
82 8.28402e-10 -inf
83 7.42358e-10 -inf
84 1.62369e-09 -inf
85 3.40685e-09 -inf
86 7.24664e-09 -inf
87 1.21401e-08 -inf
88 1.83747e-08 -inf
89 7.21366e-06 -inf
90 2.09751e-08 -inf
91 2.27277e-08 -inf
92 7.79703e-07 -inf
93 2.14646e-08 -inf
94 2.19503e-08 -inf
95 2.39596e-08 -inf
96 2.53453e-08 -inf
97 2.40138e-08 -inf
98 3.67288e-07 -inf
99 6.0785e-08 -inf
100 2.92031e-08 -inf
101 2.44149e-08 -inf
102 2.593e-08 -inf
103 2.68035e-08 -inf
104 2.66726e-08 -inf
105 2.79516e-08 -inf
106 2.68539e-08 -inf
107 3.84859e-07 -inf
108 1.57908e-07 -inf
109 8.31772e-07 -inf
110 3.36817e-08 -inf
111 2.72249e-08 -inf
112 2.76957e-08 -inf
113 2.81617e-08 -inf
114 2.74185e-08 -inf
115 4.02076e-08 -inf
116 2.12787e-05 -inf
117 3.60377e-08 -inf
118 4.42433e-08 -inf
119 2.73683e-08 -inf
120 2.89292e-08 -inf
121 3.11546e-08 -inf
122 2.90709e-08 -inf
123 2.81304e-08 -inf
124 2.85821e-08 -inf
125 4.02182e-07 -inf
126 3.01859e-08 -inf
127 3.36335e-08 -inf
128 3.19319e-08 -inf
129 3.11365e-08 -inf
130 3.06149e-08 -inf
131 3.20407e-08 -inf
132 3.19697e-08 -inf
133 3.15288e-08 -inf
134 1.74038e-07 -inf
135 8.03818e-06 -inf
136 3.424e-08 -inf
137 2.83582e-07 -inf
138 3.30151e-08 -inf
139 3.24723e-08 -inf
140 3.48785e-08 -inf
141 3.43185e-08 -inf
142 3.1003e-05 -inf
143 7.31772e-08 -inf
144 3.87314e-08 -inf
145 3.45075e-08 -inf
146 3.07923e-08 -inf
147 3.21987e-08 -inf
148 3.32779e-08 -inf
149 3.23268e-08 -inf
150 3.21319e-08 -inf
151 3.11818e-08 -inf
152 2.90522e-08 -inf
153 2.78141e-08 -inf
154 2.56286e-08 -inf
155 2.24838e-08 -inf
156 1.67182e-08 -inf
157 1.15526e-08 -inf
158 8.04032e-09 -inf
159 4.61228e-09 -inf
160 2.71493e-09 -inf
161 1.65583e-09 -inf
162 9.71211e-10 -inf
163 4.76779e-10 -inf
164 2.31366e-10 -inf
165 1.12497e-10 -inf
166 6.13935e-11 -inf
167 4.17863e-11 -inf
168 2.88451e-11 -inf
169 2.65758e-11 -inf
170 2.188e-11 -inf
171 2.04727e-11 -inf
172 1.69336e-11 -inf
173 1.77035e-11 -inf
174 1.58185e-11 -inf
175 1.65583e-11 -inf
176 1.61033e-11 -inf
177 1.5807e-11 -inf
178 1.53013e-11 -inf
179 1.5002e-11 -inf
180 1.40797e-11 -inf
181 1.4334e-11 -inf
182 1.44807e-11 -inf
183 1.38908e-11 -inf
184 1.40919e-11 -inf
185 1.40612e-11 -inf
186 1.46137e-11 -inf
187 1.45404e-11 -inf
188 1.47217e-11 -inf
189 1.39535e-11 -inf
190 1.43586e-11 -inf
191 1.40823e-11 -inf
192 1.37585e-11 -inf
193 1.41975e-11 -inf
194 1.43282e-11 -inf
195 1.33204e-11 -inf
196 1.37964e-11 -inf
197 1.42689e-11 -inf
198 1.45543e-11 -inf
199 1.42485e-11 -inf
200 1.51468e-11 -inf
201 1.46545e-11 -inf
202 1.41367e-11 -inf
203 1.45521e-11 -inf
204 1.43188e-11 -inf
205 2.86217e-11 -inf
206 1.4079e-11 -inf
207 1.40495e-11 -inf
208 1.5258e-11 -inf
209 1.44887e-11 -inf
210 1.39193e-11 -inf
211 1.41282e-11 -inf
212 1.4489e-11 -inf
213 1.45078e-11 -inf
214 1.40898e-11 -inf
215 1.4089e-11 -inf
216 1.41775e-11 -inf
217 1.47837e-11 -inf
218 1.31877e-11 -inf
219 1.4333e-11 -inf
220 1.43741e-11 -inf
221 1.36964e-11 -inf
222 1.44209e-11 -inf
223 1.44677e-11 -inf
224 1.43581e-11 -inf
225 1.48624e-11 -inf
226 1.37871e-11 -inf
227 1.48942e-11 -inf
228 1.40838e-11 -inf
229 1.38271e-11 -inf
230 1.37381e-11 -inf
231 1.42828e-11 -inf
232 3.918e-11 -inf
233 1.47139e-11 -inf
234 1.42096e-11 -inf
235 1.41687e-11 -inf
236 1.40149e-11 -inf
237 1.48074e-11 -inf
238 1.41233e-11 -inf
239 1.34995e-11 -inf
240 1.35697e-11 -inf
241 1.43753e-11 -inf
242 1.38473e-11 -inf
243 1.39349e-11 -inf
244 1.45964e-11 -inf
245 1.43457e-11 -inf
246 1.4388e-11 -inf
247 1.42775e-11 -inf
248 1.38825e-11 -inf
249 1.40267e-11 -inf
250 1.36976e-11 -inf
251 1.43454e-11 -inf
252 1.43311e-11 -inf
253 1.45039e-11 -inf
254 1.31779e-11 -inf
